80 
0.51866
0.51866
0.51867
0.51867
0.51867
0.51867
0.51868
0.51868
0.51869
0.51869
0.51871
0.51872
0.51874
0.51876
0.51878
0.5188
0.51883
0.51885
0.51888
0.51891
0.51895
0.51898
0.51901
0.51905
0.51909
0.51912
0.51916
0.5192
0.51924
0.51928
0.51932
0.51936
0.5194
0.51944
0.51948
0.51952
0.51956
0.51959
0.51963
0.51967
0.51971
0.51975
0.51979
0.51982
0.51986
0.51989
0.51993
0.51996
0.52
0.52003
0.52006
0.52009
0.52012
0.52015
0.52018
0.52021
0.52023
0.52026
0.52028
0.52031
0.52033
0.52035
0.52037
0.52039
0.52041
0.52042
0.52044
0.52045
0.52047
0.52048
0.52049
0.5205
0.52051
0.52052
0.52052
0.52053
0.52053
0.52053
0.52053
0.52054
