80 
6.855e-05
6.8578e-05
6.8635e-05
6.8723e-05
6.8842e-05
6.8994e-05
6.9181e-05
6.9405e-05
6.9669e-05
6.9922e-05
7.0163e-05
7.0394e-05
7.0616e-05
7.0828e-05
7.1031e-05
7.1225e-05
7.1412e-05
7.159e-05
7.1761e-05
7.1924e-05
7.2081e-05
7.2231e-05
7.2374e-05
7.2512e-05
7.2644e-05
7.277e-05
7.2891e-05
7.3007e-05
7.3118e-05
7.3224e-05
7.3326e-05
7.3424e-05
7.3517e-05
7.3607e-05
7.3692e-05
7.3774e-05
7.3853e-05
7.3928e-05
7.4e-05
7.4069e-05
7.4135e-05
7.4197e-05
7.4258e-05
7.4315e-05
7.437e-05
7.4423e-05
7.4473e-05
7.4521e-05
7.4566e-05
7.461e-05
7.4651e-05
7.4691e-05
7.4728e-05
7.4764e-05
7.4798e-05
7.483e-05
7.486e-05
7.4889e-05
7.4916e-05
7.4942e-05
7.4966e-05
7.4989e-05
7.501e-05
7.503e-05
7.5048e-05
7.5065e-05
7.5081e-05
7.5095e-05
7.5108e-05
7.512e-05
7.5131e-05
7.514e-05
7.5149e-05
7.5156e-05
7.5162e-05
7.5167e-05
7.517e-05
7.5173e-05
7.5175e-05
7.5175e-05
