80 
0.95698
0.95699
0.95701
0.95705
0.9571
0.95717
0.95724
0.95734
0.95745
0.95755
0.95765
0.95774
0.95783
0.95792
0.95799
0.95807
0.95814
0.95821
0.95827
0.95833
0.95839
0.95844
0.95849
0.95854
0.95859
0.95863
0.95867
0.95871
0.95875
0.95878
0.95882
0.95885
0.95888
0.95891
0.95893
0.95896
0.95898
0.95901
0.95903
0.95905
0.95907
0.95909
0.95911
0.95912
0.95914
0.95916
0.95917
0.95918
0.9592
0.95921
0.95922
0.95923
0.95924
0.95925
0.95926
0.95927
0.95928
0.95929
0.95929
0.9593
0.95931
0.95931
0.95932
0.95932
0.95933
0.95933
0.95934
0.95934
0.95934
0.95935
0.95935
0.95935
0.95935
0.95936
0.95936
0.95936
0.95936
0.95936
0.95936
0.95936
