80 
0.064231
0.064255
0.064305
0.064382
0.064487
0.06462
0.064785
0.064982
0.065213
0.065434
0.065646
0.065848
0.066042
0.066228
0.066405
0.066575
0.066738
0.066894
0.067043
0.067186
0.067322
0.067453
0.067579
0.067699
0.067814
0.067924
0.068029
0.06813
0.068227
0.068319
0.068408
0.068493
0.068574
0.068652
0.068726
0.068798
0.068866
0.068931
0.068994
0.069053
0.06911
0.069165
0.069217
0.069267
0.069315
0.069361
0.069404
0.069446
0.069485
0.069523
0.069559
0.069593
0.069626
0.069657
0.069686
0.069714
0.06974
0.069765
0.069789
0.069811
0.069832
0.069851
0.06987
0.069887
0.069903
0.069918
0.069931
0.069944
0.069955
0.069966
0.069975
0.069983
0.06999
0.069996
0.070002
0.070006
0.070009
0.070011
0.070013
0.070013
