80 
9.2264e-05
9.2322e-05
9.244e-05
9.2621e-05
9.2867e-05
9.3182e-05
9.3569e-05
9.4032e-05
9.4576e-05
9.5098e-05
9.5599e-05
9.6079e-05
9.6541e-05
9.6984e-05
9.7409e-05
9.7817e-05
9.8208e-05
9.8584e-05
9.8945e-05
9.9291e-05
9.9624e-05
9.9943e-05
0.00010025
0.00010054
0.00010082
0.0001011
0.00010136
0.0001016
0.00010184
0.00010207
0.00010229
0.0001025
0.00010271
0.0001029
0.00010309
0.00010326
0.00010344
0.0001036
0.00010376
0.00010391
0.00010405
0.00010419
0.00010432
0.00010445
0.00010457
0.00010468
0.00010479
0.0001049
0.000105
0.0001051
0.00010519
0.00010528
0.00010536
0.00010544
0.00010551
0.00010558
0.00010565
0.00010571
0.00010577
0.00010583
0.00010588
0.00010593
0.00010598
0.00010603
0.00010607
0.0001061
0.00010614
0.00010617
0.0001062
0.00010623
0.00010625
0.00010627
0.00010629
0.00010631
0.00010632
0.00010633
0.00010634
0.00010634
0.00010635
0.00010635
