80 
0.73497
0.73497
0.73497
0.73498
0.73499
0.735
0.73501
0.73502
0.73504
0.73506
0.73508
0.73512
0.73515
0.73519
0.73523
0.73528
0.73533
0.73539
0.73545
0.73551
0.73557
0.73563
0.7357
0.73577
0.73584
0.73591
0.73598
0.73605
0.73613
0.7362
0.73627
0.73635
0.73642
0.7365
0.73657
0.73665
0.73672
0.7368
0.73687
0.73694
0.73701
0.73709
0.73716
0.73722
0.73729
0.73736
0.73742
0.73749
0.73755
0.73761
0.73767
0.73773
0.73779
0.73784
0.73789
0.73795
0.73799
0.73804
0.73809
0.73813
0.73817
0.73821
0.73825
0.73829
0.73832
0.73835
0.73838
0.73841
0.73843
0.73845
0.73847
0.73849
0.73851
0.73852
0.73853
0.73854
0.73855
0.73856
0.73856
0.73856
