80 
0.97101
0.97101
0.97102
0.97104
0.97106
0.97109
0.97113
0.97117
0.97122
0.97127
0.97131
0.97135
0.97139
0.97142
0.97145
0.97147
0.97149
0.97151
0.97153
0.97155
0.97156
0.97157
0.97158
0.97159
0.9716
0.9716
0.9716
0.97161
0.97161
0.97161
0.97161
0.97161
0.9716
0.9716
0.9716
0.97159
0.97159
0.97158
0.97158
0.97157
0.97157
0.97156
0.97156
0.97155
0.97154
0.97154
0.97153
0.97152
0.97152
0.97151
0.9715
0.9715
0.97149
0.97148
0.97148
0.97147
0.97146
0.97146
0.97145
0.97145
0.97144
0.97144
0.97143
0.97143
0.97142
0.97142
0.97142
0.97141
0.97141
0.97141
0.9714
0.9714
0.9714
0.9714
0.9714
0.9714
0.97139
0.97139
0.97139
0.97139
