80 
0.084653
0.084702
0.084801
0.084953
0.08516
0.085424
0.085749
0.086137
0.086593
0.08703
0.087449
0.087851
0.088236
0.088606
0.08896
0.0893
0.089626
0.089938
0.090238
0.090526
0.090801
0.091066
0.091319
0.091563
0.091796
0.09202
0.092234
0.09244
0.092638
0.092827
0.093008
0.093182
0.093349
0.093509
0.093662
0.093809
0.09395
0.094085
0.094214
0.094338
0.094456
0.094569
0.094678
0.094781
0.09488
0.094975
0.095065
0.095152
0.095234
0.095312
0.095387
0.095459
0.095526
0.095591
0.095652
0.09571
0.095765
0.095817
0.095866
0.095913
0.095956
0.095997
0.096036
0.096072
0.096105
0.096136
0.096164
0.096191
0.096214
0.096236
0.096255
0.096273
0.096288
0.096301
0.096312
0.09632
0.096327
0.096332
0.096335
0.096336
