   4.5899936e-01
   4.5899936e-01
   4.5899936e-01
   4.5899936e-01
   4.5899936e-01
   4.5899933e-01
   4.5899936e-01
   4.5899472e-01
   4.5899936e-01
   4.5899936e-01
   4.5899826e-01
   4.5899936e-01
   4.5223091e-01
   4.5899936e-01
   4.5899936e-01
   4.5899936e-01
   4.5899936e-01
   4.5899935e-01
   4.5899936e-01
   4.5899936e-01
   4.5838910e-01
   4.5899936e-01
   4.5899935e-01
   4.5899936e-01
   4.5899936e-01
   4.5898506e-01
   4.5899936e-01
   4.5899936e-01
   4.5899936e-01
   4.5899936e-01
   4.5899936e-01
   4.5899936e-01
   4.5899936e-01
   4.5899925e-01
   4.5899936e-01
   4.5899936e-01
   4.5899935e-01
   4.5899936e-01
   4.5899936e-01
   4.5899936e-01
   4.5899936e-01
   4.5899563e-01
   4.5899936e-01
   4.5899936e-01
   4.5899936e-01
   4.5899936e-01
   3.9653413e-01
   4.5899936e-01
   4.5899936e-01
   4.5899936e-01
   4.5899936e-01
   4.5899936e-01
   4.5899936e-01
   4.5867199e-01
   4.5899936e-01
   4.5654007e-01
   4.5897180e-01
   8.4878879e-02
   4.5897180e-01
   4.5897180e-01
   4.5897180e-01
   4.5897180e-01
   4.5897180e-01
   4.5896872e-01
   4.5897172e-01
   4.5897180e-01
   4.5897180e-01
   4.5874918e-01
   4.5897180e-01
   4.5897180e-01
   4.5897180e-01
   4.5897180e-01
   4.5897180e-01
   4.5897180e-01
   4.5897180e-01
   4.5897133e-01
   2.0380571e-01
   4.5897180e-01
   4.5897136e-01
   4.5897180e-01
   4.5897180e-01
   4.5897180e-01
   4.5897180e-01
   4.5837164e-01
   4.5897180e-01
   4.5897180e-01
   4.5897177e-01
   4.5897180e-01
   4.5897180e-01
   4.5897180e-01
   4.5897180e-01
   4.5897152e-01
   4.5897180e-01
   4.5897180e-01
   4.5897180e-01
   4.5897180e-01
   4.5897149e-01
   4.5897180e-01
   2.3175123e-01
   4.5897180e-01
   4.5897180e-01
   4.5897180e-01
   4.5897180e-01
   4.5542840e-01
   4.5897180e-01
   4.5897180e-01
   4.5897180e-01
   4.5894761e-01
   4.5362178e-01
   2.9754996e-01
   4.5897180e-01
   4.5894131e-01
   3.6045301e-02
   4.5889507e-01
   4.5877855e-01
   4.5894591e-01
   4.5894591e-01
   4.5894591e-01
   4.5894591e-01
   4.5894415e-01
   4.5006205e-01
   4.5894591e-01
   4.5894591e-01
   4.5882138e-01
   4.5894591e-01
   4.5894591e-01
   4.5894591e-01
   4.5887273e-01
   2.3584024e-01
   4.5893676e-01
   4.5894591e-01
   4.5894591e-01
   4.5894591e-01
   4.5894591e-01
   4.5894588e-01
   4.5894591e-01
   4.5894591e-01
   4.5894591e-01
   4.5707592e-01
   3.5986996e-02
   4.5894591e-01
   4.5894293e-01
   4.5894591e-01
   4.5894591e-01
   3.1684167e-01
   4.5894591e-01
   4.5894591e-01
   4.5891198e-01
   4.5894591e-01
   4.5894591e-01
   4.5894591e-01
   4.5894591e-01
   4.5894591e-01
   4.5894591e-01
   4.5894591e-01
   4.5894591e-01
   4.5894591e-01
   4.5894591e-01
   4.5894591e-01
   4.5894591e-01
   4.5894591e-01
   4.5894591e-01
   4.5894591e-01
   4.5894589e-01
   4.5894585e-01
   4.5892366e-01
   4.5892367e-01
   4.5818555e-01
   4.5892367e-01
   4.5892367e-01
   4.5779739e-01
   4.5892367e-01
   4.5892367e-01
   4.1718022e-01
   4.5892367e-01
   4.5892367e-01
   4.4975438e-01
   4.5892367e-01
   4.5892367e-01
   4.5892367e-01
   4.5892367e-01
   4.5892367e-01
   4.5892367e-01
   4.5892367e-01
   4.5892367e-01
   4.5892367e-01
   4.5892367e-01
   4.0315871e-01
   1.1412580e-01
   4.5892367e-01
   4.5892367e-01
   4.5892367e-01
   4.5892367e-01
   4.5892367e-01
   4.5892367e-01
   4.5892367e-01
   4.5892367e-01
   4.5892367e-01
   3.5992290e-02
   4.5794791e-01
   4.5892367e-01
   4.5892367e-01
   4.5892367e-01
   4.5787365e-01
   4.5892367e-01
   4.5880330e-01
   4.5892367e-01
   4.5892366e-01
   4.5891763e-01
   4.5892365e-01
   4.5892367e-01
   4.5892367e-01
   4.5892367e-01
   4.5892367e-01
   4.5892367e-01
   4.5892367e-01
   4.5892367e-01
   4.5892367e-01
   4.5892367e-01
   4.5890331e-01
   4.5890331e-01
   4.5890331e-01
   4.5887616e-01
   4.5890331e-01
   4.5887211e-01
   4.5890331e-01
   4.5890331e-01
   4.5890331e-01
   4.5890331e-01
   4.5890331e-01
   4.5831210e-01
   4.5890331e-01
   4.5890331e-01
   4.5890331e-01
   4.5890077e-01
   4.5890331e-01
   4.5890300e-01
   4.5890331e-01
   4.5890331e-01
   4.5890331e-01
   2.0517724e-01
   4.5890331e-01
   4.5890331e-01
   4.5890331e-01
   4.5890331e-01
   4.5890331e-01
   4.5890331e-01
   4.1224799e-02
   4.5890331e-01
   4.5890331e-01
   3.0683086e-01
   4.5880224e-01
   4.5890331e-01
   4.5890331e-01
   4.5845823e-01
   4.5890331e-01
   4.5890331e-01
   4.5890331e-01
   4.5890331e-01
   4.5890331e-01
   4.5890326e-01
   4.5843216e-01
   4.5890331e-01
   4.5890331e-01
   3.6101208e-02
   4.5890331e-01
   4.5890331e-01
   4.5890331e-01
   4.5890331e-01
   4.5890331e-01
   1.3519890e-01
   4.5819938e-01
   4.5888630e-01
   4.5888625e-01
   4.5888653e-01
   4.5888653e-01
   4.5888653e-01
   4.5888653e-01
   4.5888653e-01
   4.5888653e-01
   4.5320604e-01
   4.5888653e-01
   4.5872087e-01
   4.5888652e-01
   4.5888653e-01
   4.5888653e-01
   4.5888653e-01
   4.5888653e-01
   4.5888650e-01
   4.5888653e-01
   4.5888515e-01
   4.5888653e-01
   4.5888653e-01
   4.5888653e-01
   4.5888653e-01
   4.5888653e-01
   4.5888653e-01
   4.5888653e-01
   4.5888653e-01
   4.5888653e-01
   4.5888653e-01
   4.5888653e-01
   1.0825790e-01
   9.7996522e-02
   4.5888653e-01
   4.5888653e-01
   4.5888653e-01
   4.5888653e-01
   4.5888653e-01
   4.5888653e-01
   4.5888653e-01
   4.5886224e-01
   4.5887357e-01
   4.5888653e-01
   4.5888653e-01
   4.5883372e-01
   4.5888653e-01
   4.5888653e-01
   4.5888653e-01
   4.5888653e-01
   4.5888653e-01
   4.5888652e-01
   4.5888653e-01
   4.5884951e-01
   4.5886880e-01
   4.5886878e-01
   4.5886881e-01
   4.5886881e-01
   4.5886881e-01
   4.5885957e-01
   4.5886881e-01
   4.5886881e-01
   4.5886710e-01
   4.5865811e-01
   4.5886881e-01
   2.7059677e-01
   4.5886881e-01
   4.5886881e-01
   4.5878993e-01
   4.5886881e-01
   4.5886881e-01
   4.5886881e-01
   1.3996407e-01
   4.5886881e-01
   4.5886881e-01
   4.5886780e-01
   4.5886881e-01
   4.5886878e-01
   4.5886881e-01
   4.5886881e-01
   4.5886881e-01
   4.5886881e-01
   4.5571278e-01
   4.5886881e-01
   4.5886881e-01
   4.5886881e-01
   2.8962228e-01
   4.5886881e-01
   4.5886881e-01
   4.5886881e-01
   4.5886881e-01
   4.5886862e-01
   4.5886881e-01
   2.6563129e-01
   4.5886881e-01
   3.9350672e-02
   3.5980960e-02
   4.5886811e-01
   4.5886881e-01
   4.5886881e-01
   4.5886881e-01
   4.5886881e-01
   4.5886880e-01
   4.5886881e-01
   4.5886881e-01
   4.5885665e-01
   4.5885665e-01
   4.5885665e-01
   4.5885665e-01
   4.5831907e-01
   4.5885626e-01
   4.5859201e-01
   4.5885665e-01
   4.5594742e-01
   4.5885665e-01
   4.5885665e-01
   4.5885665e-01
   4.5885665e-01
   4.5885665e-01
   4.5885665e-01
   4.5885665e-01
   4.5875565e-01
   4.5885665e-01
   4.5885665e-01
   4.5885665e-01
   4.5885665e-01
   4.5885665e-01
   4.5885665e-01
   3.6367652e-02
   4.5885658e-01
   4.5885665e-01
   4.4630183e-01
   4.5885665e-01
   4.5885665e-01
   4.5885665e-01
   4.5885665e-01
   4.4889830e-01
   4.5885665e-01
   4.5885538e-01
   4.5885665e-01
   4.5885665e-01
   4.5885665e-01
   4.5885665e-01
   4.5885665e-01
   4.5885665e-01
   4.5885607e-01
   3.6013281e-02
   4.5885665e-01
   2.5894375e-01
   4.5885665e-01
   4.5885665e-01
   4.5851995e-01
   4.4318461e-01
   4.5883983e-01
   4.5885665e-01
   3.6516801e-02
   4.5884594e-01
   4.5882818e-01
   4.5884593e-01
   4.5884594e-01
   4.4911931e-01
   4.5884594e-01
   4.5884594e-01
   4.5884594e-01
   4.5884593e-01
   4.5884465e-01
   4.5884594e-01
   4.5884594e-01
   4.5884594e-01
   4.5881250e-01
   4.5884594e-01
   4.5884594e-01
   4.2832992e-01
   4.5884594e-01
   4.5884594e-01
   4.5884594e-01
   4.5884594e-01
   3.8901166e-01
   4.5884562e-01
   3.6008480e-02
   4.5884594e-01
   4.5884594e-01
   4.5884594e-01
   4.5884240e-01
   2.7528862e-01
   4.5884594e-01
   4.5884594e-01
   4.5086984e-01
   4.5884594e-01
   4.5884594e-01
   4.5884592e-01
   1.6792120e-01
   4.5884593e-01
   2.7873207e-01
   4.5881860e-01
   4.5884594e-01
   4.5884594e-01
   4.5884594e-01
   4.5884594e-01
   4.5884594e-01
   2.4836658e-01
   4.5856203e-01
   4.5884594e-01
   4.5884594e-01
   4.5884594e-01
   4.5762340e-01
   4.5883818e-01
   4.5883880e-01
   4.5883880e-01
   4.5883880e-01
   4.5812015e-01
   4.5883877e-01
   4.5533802e-01
   4.5883880e-01
   4.5883880e-01
   4.5883880e-01
   4.5837297e-01
   4.5883879e-01
   4.5883880e-01
   4.5883880e-01
   4.5883880e-01
   4.5883880e-01
   4.5883880e-01
   4.5881015e-01
   4.5883858e-01
   4.5823414e-01
   1.6308891e-01
   4.5883880e-01
   4.4334710e-01
   4.5883880e-01
   4.5883880e-01
   4.5883880e-01
   4.5883880e-01
   4.5883880e-01
   4.5883880e-01
   4.5883874e-01
   4.5883880e-01
   4.5882446e-01
   4.5883880e-01
   4.5883880e-01
   4.5883880e-01
   4.5883880e-01
   4.5883693e-01
   4.5883880e-01
   4.5883880e-01
   4.5883880e-01
   4.5883880e-01
   4.5883880e-01
   4.5883880e-01
   4.5883864e-01
   4.5883880e-01
   4.5883856e-01
   4.5883880e-01
   4.5883880e-01
   4.5882997e-01
   4.5882998e-01
   4.5882997e-01
   4.5882998e-01
   4.5882998e-01
   4.5882998e-01
   4.5882998e-01
   4.5882998e-01
   4.5882998e-01
   3.8599605e-01
   4.5882998e-01
   4.5882998e-01
   4.5882998e-01
   4.5881842e-01
   4.5882920e-01
   4.5882998e-01
   4.5882998e-01
   4.5882998e-01
   3.6382803e-02
   4.5882732e-01
   4.5873509e-01
   4.5882997e-01
   4.5882998e-01
   4.5882998e-01
   4.5882998e-01
   4.5882998e-01
   4.5882998e-01
   4.5882998e-01
   4.5882998e-01
   4.5882998e-01
   4.5882998e-01
   4.5882998e-01
   4.5882998e-01
   4.5882998e-01
   4.5882998e-01
   4.5882998e-01
   4.5882998e-01
   4.5882997e-01
   4.5878367e-01
   4.5882998e-01
   4.5882998e-01
   4.5882997e-01
   4.5882998e-01
   4.5882998e-01
   4.5183814e-01
   1.9997556e-01
   4.5882940e-01
   4.5882998e-01
   4.5882180e-01
   4.5882180e-01
   4.5877977e-01
   4.5882180e-01
   4.5882180e-01
   4.5882180e-01
   4.5882180e-01
   4.5882163e-01
   1.9468682e-01
   4.5880376e-01
   4.5882180e-01
   4.3921140e-01
   3.9616334e-01
   4.5874243e-01
   4.5882180e-01
   4.5882180e-01
   4.5882180e-01
   4.5424037e-01
   4.5882180e-01
   3.5341959e-01
   4.5882180e-01
   4.5882180e-01
   4.5882180e-01
   4.5882180e-01
   4.5882180e-01
   2.8736141e-01
   4.5882180e-01
   4.0518822e-01
   4.5882180e-01
   4.5882168e-01
   4.5882180e-01
   4.5882180e-01
   2.1795585e-01
   4.5882180e-01
   4.5434608e-01
   4.5882180e-01
   9.8409452e-02
   4.5882180e-01
   4.5882180e-01
   4.5882180e-01
   4.5882180e-01
   4.5882180e-01
   4.5882180e-01
   4.5882180e-01
   4.5881147e-01
   4.5882180e-01
   3.5980583e-02
   4.5882123e-01
   4.5882124e-01
   4.4306712e-01
   4.5799277e-01
   4.5882124e-01
   4.5804596e-01
   4.5882124e-01
   4.5882123e-01
   3.5978225e-02
   4.5882120e-01
   4.5882124e-01
   3.5978241e-02
   4.5882124e-01
   4.5882124e-01
   4.5882124e-01
   4.5527119e-01
   4.5882124e-01
   4.5882094e-01
   4.5882124e-01
   4.5882124e-01
   4.5882116e-01
   4.5873088e-01
   4.5882124e-01
   4.5882124e-01
   3.8147643e-01
   4.5882124e-01
   1.1898252e-01
   4.5882124e-01
   4.5882124e-01
   4.5882123e-01
   4.5882124e-01
   7.6847319e-02
   4.5882124e-01
   4.5879013e-01
   4.5882124e-01
   4.5882124e-01
   4.5882114e-01
   4.5882124e-01
   3.7332918e-02
   4.5882124e-01
   4.4399332e-01
   4.5882124e-01
   4.5882124e-01
   4.5882124e-01
   4.5882122e-01
   4.5882124e-01
   4.5882639e-01
   4.5882639e-01
   4.5882639e-01
   4.5882639e-01
   4.5793350e-01
   4.5882639e-01
   4.5882639e-01
   4.5882639e-01
   4.5882639e-01
   4.5882639e-01
   4.5882636e-01
   4.5882639e-01
   4.5882639e-01
   7.6718040e-02
   4.5882029e-01
   4.5882606e-01
   4.5882639e-01
   4.5882639e-01
   4.5882639e-01
   4.5882639e-01
   4.5882639e-01
   4.5882639e-01
   4.5882633e-01
   4.5882639e-01
   4.5882639e-01
   4.5882639e-01
   4.5882639e-01
   4.5882639e-01
   1.5510395e-01
   4.5882589e-01
   4.5882639e-01
   3.9676075e-02
   4.5882553e-01
   4.5882639e-01
   4.5882639e-01
   4.5882639e-01
   4.5882639e-01
   4.5882639e-01
   4.5882639e-01
   4.5778890e-01
   4.5251591e-01
   4.5882639e-01
   4.5882638e-01
   4.5882639e-01
   4.5882397e-01
   4.5882639e-01
   4.5865163e-01
   4.5883082e-01
   4.5883082e-01
   4.5883082e-01
   4.5459649e-01
   4.5883082e-01
   4.5883082e-01
   4.5548700e-01
   4.5883082e-01
   3.3715808e-01
   4.5883082e-01
   4.5882977e-01
   4.5883045e-01
   3.9060463e-02
   4.5883082e-01
   4.5883082e-01
   4.5883082e-01
   4.5883082e-01
   5.0618502e-02
   4.5883082e-01
   4.5883082e-01
   4.5883082e-01
   4.5883082e-01
   4.5883082e-01
   4.5883082e-01
   4.5883081e-01
   4.5883082e-01
   4.5883082e-01
   4.5883082e-01
   4.5883082e-01
   4.5883082e-01
   4.5882982e-01
   4.5881706e-01
   4.5883082e-01
   1.8491651e-01
   4.5883082e-01
   4.5851758e-01
   4.5883082e-01
   4.5883082e-01
   4.5883082e-01
   4.4643594e-01
   4.5883082e-01
   4.5883082e-01
   3.4164449e-01
   4.5883082e-01
   4.5883700e-01
   4.5883700e-01
   4.5883700e-01
   4.5883574e-01
   4.5858209e-01
   4.5883700e-01
   4.5883700e-01
   4.5877928e-01
   4.5883700e-01
   4.3996164e-01
   4.5883700e-01
   4.5883700e-01
   4.5883698e-01
   4.5883700e-01
   4.5883700e-01
   4.5883700e-01
   4.5883212e-01
   4.5883689e-01
   4.5883700e-01
   4.5883700e-01
   4.5883700e-01
   4.0601440e-01
   4.5883700e-01
   4.5883700e-01
   4.5883699e-01
   4.5883700e-01
   4.5883700e-01
   4.5883700e-01
   4.5883700e-01
   4.5883700e-01
   4.5883700e-01
   4.2443463e-01
   4.5883700e-01
   3.2636510e-01
   4.5883700e-01
   4.5883700e-01
   4.5883700e-01
   4.5883700e-01
   4.5883700e-01
   4.5883700e-01
   4.5883700e-01
   4.5883700e-01
   4.5883700e-01
   4.5883700e-01
   4.5884116e-01
   4.5884116e-01
   4.5884116e-01
   4.5884116e-01
   4.5884116e-01
   4.5884116e-01
   4.5884116e-01
   4.5884116e-01
   4.5884116e-01
   4.5884116e-01
   4.5884116e-01
   4.5557060e-01
   4.5884116e-01
   4.5884116e-01
   4.5884116e-01
   4.5884116e-01
   4.3122661e-01
   4.5884113e-01
   4.5884116e-01
   4.5884116e-01
   4.5884116e-01
   4.2582519e-01
   4.5884116e-01
   4.5883988e-01
   6.9477202e-02
   4.5882276e-01
   4.0814086e-02
   4.5884116e-01
   4.5884116e-01
   4.5884116e-01
   4.5884116e-01
   4.5884116e-01
   4.5884116e-01
   4.5881494e-01
   4.5884116e-01
   4.5884116e-01
   4.5884116e-01
   4.5884116e-01
   4.5607879e-01
   4.5884116e-01
   4.5884084e-01
   4.5634582e-01
   4.5884116e-01
   4.5881928e-01
   4.5884484e-01
   4.5884484e-01
   4.5884408e-01
   3.5980921e-02
   4.5884484e-01
   4.5884484e-01
   4.5879659e-01
   4.5872141e-01
   4.5884484e-01
   4.5884484e-01
   4.5884484e-01
   4.5884483e-01
   4.5884262e-01
   4.5884484e-01
   4.5884484e-01
   4.5884484e-01
   4.5884484e-01
   4.5884167e-01
   4.5884484e-01
   4.5884484e-01
   4.0044217e-01
   4.5884484e-01
   4.5884484e-01
   4.5884484e-01
   4.5884484e-01
   4.5884484e-01
   4.5884403e-01
   4.5884358e-01
   4.5884484e-01
   4.5712022e-01
   4.5884484e-01
   4.5884484e-01
   4.5877274e-01
   4.5884484e-01
   4.5884484e-01
   4.5878013e-01
   4.5884484e-01
   4.5884130e-01
   4.5884484e-01
   3.9154962e-01
   4.5884065e-01
   4.5876212e-01
   4.5884724e-01
   4.5884714e-01
   5.4693791e-02
   4.5884724e-01
   4.5884723e-01
   4.5884724e-01
   4.5884724e-01
   4.5876684e-01
   4.5884724e-01
   4.5884724e-01
   4.5884724e-01
   4.5884724e-01
   4.5883330e-01
   4.5884724e-01
   4.5884724e-01
   4.4027585e-01
   4.5884724e-01
   4.5884724e-01
   4.5884724e-01
   4.5571453e-01
   4.5884693e-01
   4.5884724e-01
   1.0164096e-01
   4.5884724e-01
   4.5695667e-01
   4.5884724e-01
   4.5884724e-01
   4.5884724e-01
   4.5884595e-01
   4.5680551e-01
   4.5882985e-01
   4.5878057e-01
   4.5884724e-01
   4.5879564e-01
   4.5884724e-01
   4.5884724e-01
   4.5884724e-01
   3.2951460e-01
   4.5840564e-01
   4.5884724e-01
   4.5787546e-01
   4.5842822e-01
   4.5884818e-01
   1.3160377e-01
   4.5884818e-01
   4.5884817e-01
   2.2609844e-01
   4.5884814e-01
   4.5884818e-01
   3.5981230e-02
   1.3763073e-01
   4.4444496e-01
   4.5884818e-01
   4.5347392e-01
   4.5843860e-01
   4.5884815e-01
   4.5871357e-01
   7.9761374e-02
   4.5884818e-01
   4.5884818e-01
   4.5884818e-01
   4.5884818e-01
   4.5884818e-01
   2.0345234e-01
   4.5881261e-01
   2.0013363e-01
   4.5884818e-01
   4.5884818e-01
   4.5884818e-01
   4.5884818e-01
   4.5884818e-01
   4.5884818e-01
   4.5884644e-01
   4.5882200e-01
   4.5884818e-01
   4.5884232e-01
   2.5042709e-01
   4.5884811e-01
   4.7947598e-02
   4.5884817e-01
   4.5884150e-01
   4.5884818e-01
   4.5884818e-01
   4.5885602e-01
   4.5830905e-01
   4.5885602e-01
   4.5885602e-01
   4.5885602e-01
   4.5885029e-01
   4.5885602e-01
   4.5885429e-01
   4.5885602e-01
   4.5885602e-01
   4.5885602e-01
   4.5292976e-01
   4.5885602e-01
   4.5885602e-01
   4.5885602e-01
   4.5885602e-01
   4.5885602e-01
   4.5885602e-01
   4.5885602e-01
   4.5885602e-01
   3.6166293e-02
   4.5885602e-01
   4.5885602e-01
   4.5885602e-01
   4.5885602e-01
   4.5885602e-01
   4.5885526e-01
   4.5593457e-01
   4.5884329e-01
   4.5885602e-01
   4.5885602e-01
   4.0147811e-01
   4.5575327e-01
   4.5885602e-01
   4.5885602e-01
   4.5885602e-01
   4.5885602e-01
   4.5885602e-01
   4.4666774e-01
   4.5885602e-01
   4.5886111e-01
   4.5886111e-01
   4.5886111e-01
   4.5886111e-01
   4.5781269e-01
   4.5886111e-01
   4.5886111e-01
   4.2785204e-01
   4.5886111e-01
   4.5886109e-01
   4.5886111e-01
   4.5886111e-01
   3.7457713e-02
   3.2118408e-01
   4.2374949e-01
   4.5886111e-01
   4.5886111e-01
   4.5886111e-01
   4.5886111e-01
   4.5886111e-01
   9.3555029e-02
   4.5886109e-01
   1.7999098e-01
   4.5885812e-01
   4.5886111e-01
   4.5885941e-01
   4.5886111e-01
   4.5886110e-01
   4.5886111e-01
   3.6271914e-01
   4.5886111e-01
   4.5886111e-01
   4.5886084e-01
   4.5886111e-01
   4.5886111e-01
   4.5886111e-01
   3.9911938e-01
   4.5886111e-01
   4.5886111e-01
   4.5480621e-01
   4.5886917e-01
   4.5886917e-01
   4.5886917e-01
   4.5886917e-01
   4.5886425e-01
   4.4123916e-01
   5.7570581e-02
   4.5886917e-01
   3.8593724e-02
   4.5886917e-01
   4.5886917e-01
   4.5886917e-01
   4.5886917e-01
   4.5886917e-01
   4.5886913e-01
   4.4473922e-02
   4.5886917e-01
   4.5886917e-01
   4.5886913e-01
   4.5886908e-01
   4.4539317e-01
   4.5886917e-01
   4.5886917e-01
   4.5886910e-01
   4.5879638e-01
   4.5886917e-01
   4.4166860e-01
   4.5188889e-01
   4.5886894e-01
   4.5886917e-01
   4.5886917e-01
   4.5886917e-01
   4.5886917e-01
   4.5886917e-01
   4.0702680e-01
   4.4618982e-01
   4.5886917e-01
   4.5886917e-01
   4.5798795e-01
   4.5887846e-01
   4.5887846e-01
   4.5887846e-01
   4.5887846e-01
   4.5887846e-01
   4.5887846e-01
   4.5887846e-01
   3.5991062e-02
   4.5887841e-01
   4.5887846e-01
   4.5887846e-01
   4.5887846e-01
   4.5886279e-01
   4.5887846e-01
   4.5887833e-01
   4.5887845e-01
   4.5887842e-01
   4.5764716e-01
   4.5887846e-01
   4.5884646e-01
   1.4917674e-01
   4.5887846e-01
   4.5887846e-01
   4.5887846e-01
   4.5887845e-01
   4.5887846e-01
   4.4679363e-02
   4.5868067e-01
   4.5887846e-01
   4.5887846e-01
   4.5887846e-01
   4.5871053e-01
   3.8555021e-01
   4.5887846e-01
   4.5877122e-01
   4.5880970e-01
   4.5887844e-01
   4.5888862e-01
   4.5888862e-01
   3.6722137e-01
   4.5501618e-01
   4.5888836e-01
   1.6704964e-01
   3.5986043e-02
   4.5888862e-01
   4.5888862e-01
   4.5888196e-01
   4.5888862e-01
   4.5888862e-01
   3.9761748e-01
   3.6165298e-02
   4.5888795e-01
   4.5888862e-01
   3.8487251e-02
   4.5888862e-01
   4.5888862e-01
   4.2988094e-01
   4.5888862e-01
   4.5888862e-01
   4.5888862e-01
   4.5885303e-01
   4.5888309e-01
   4.5888862e-01
   4.5888862e-01
   4.5888862e-01
   4.5888862e-01
   4.5888862e-01
   4.5888837e-01
   4.5888862e-01
   4.5888862e-01
   4.5888859e-01
   4.5888862e-01
   4.5888862e-01
   4.5888811e-01
   4.5890314e-01
   4.5890542e-01
   4.5890542e-01
   4.5890542e-01
   4.5890542e-01
   4.5890542e-01
   4.5890542e-01
   4.5890542e-01
   4.4171168e-01
   4.5890542e-01
   3.5992535e-02
   4.5890542e-01
   4.5890542e-01
   4.5890542e-01
   4.5884254e-01
   4.5890542e-01
   4.5890542e-01
   3.5992333e-02
   4.5890542e-01
   1.7776047e-01
   4.5890542e-01
   4.3859466e-02
   5.5596625e-02
   4.5885412e-01
   4.5890542e-01
   4.5890539e-01
   4.5890542e-01
   4.5890334e-01
   4.5890542e-01
   4.5890542e-01
   4.5890542e-01
   4.5890542e-01
   4.5890542e-01
   4.5890542e-01
   4.5890535e-01
   4.5885003e-01
   4.5892617e-01
   4.5892609e-01
   4.5892617e-01
   4.5892605e-01
   4.5892015e-01
   4.5892617e-01
   3.0914526e-01
   4.5872134e-01
   4.5881330e-01
   4.5892617e-01
   4.5892617e-01
   4.5855881e-01
   4.5675324e-01
   4.5892617e-01
   3.8756091e-01
   4.5892452e-01
   4.5892615e-01
   4.5892617e-01
   4.5892617e-01
   4.5892617e-01
   4.5892617e-01
   3.6234000e-02
   4.5892610e-01
   4.5725016e-01
   2.9198866e-01
   4.5892617e-01
   4.5892616e-01
   4.3040761e-01
   4.5892617e-01
   4.5892617e-01
   4.5892617e-01
   4.5892614e-01
   4.5892617e-01
   3.5756556e-01
   4.5892617e-01
   4.5890931e-01
   4.5894998e-01
   4.5592491e-01
   4.5894998e-01
   4.5894998e-01
   4.1995069e-01
   4.5892724e-01
   4.5894998e-01
   4.5894997e-01
   4.5894998e-01
   4.5296338e-01
   4.5894998e-01
   4.5894143e-01
   4.5110692e-01
   7.5628091e-02
   3.6627833e-01
   4.5894998e-01
   4.5894998e-01
   3.5991983e-02
   4.5170487e-01
   4.5894998e-01
   4.5894998e-01
   4.5894998e-01
   4.5894998e-01
   4.5894995e-01
   4.5894996e-01
   4.5894998e-01
   4.5894998e-01
   4.5100173e-01
   4.5894998e-01
   4.5873810e-01
   2.7331557e-01
   4.5893606e-01
   4.5894998e-01
   4.5894998e-01
   4.5894980e-01
   4.5897631e-01
   4.5897694e-01
   4.5897694e-01
   4.5897694e-01
   4.5897691e-01
   2.6007111e-01
   4.5897694e-01
   4.5897694e-01
   4.5897615e-01
   4.5897688e-01
   4.5897694e-01
   4.5897694e-01
   3.6078875e-02
   4.5897694e-01
   4.5895748e-01
   4.5897694e-01
   4.5897694e-01
   4.5897694e-01
   4.5897694e-01
   3.9418079e-01
   4.4980759e-01
   4.5897642e-01
   4.5897694e-01
   4.5897694e-01
   3.5996256e-02
   4.5897694e-01
   4.5897694e-01
   4.5897694e-01
   4.5897694e-01
   4.5897694e-01
   4.5897694e-01
   4.5677967e-01
   4.5897694e-01
   4.5897644e-01
   4.5900590e-01
   4.5900590e-01
   4.5900590e-01
   4.5900586e-01
   4.5900590e-01
   4.5789562e-01
   4.5900590e-01
   4.5900442e-01
   4.5900401e-01
   3.3137827e-01
   4.5900590e-01
   2.1931119e-01
   4.5900590e-01
   4.5900590e-01
   4.5900590e-01
   4.5900582e-01
   4.5900590e-01
   4.5900590e-01
   4.5900590e-01
   4.5900590e-01
   4.5900590e-01
   4.5900590e-01
   4.5900590e-01
   4.5900590e-01
   4.5900590e-01
   4.5889886e-01
   4.5900590e-01
   4.5900585e-01
   4.5900581e-01
   4.5890107e-01
   4.5900590e-01
   4.5900590e-01
   3.9201303e-01
   4.5903320e-01
   4.5903320e-01
   4.5903320e-01
   4.5903320e-01
   4.5301774e-01
   4.5903320e-01
   4.5903320e-01
   4.5903320e-01
   4.5903320e-01
   4.5798220e-01
   4.5903320e-01
   4.5401398e-01
   4.5903320e-01
   4.5903320e-01
   4.5903320e-01
   4.5895168e-01
   4.5903320e-01
   4.5903320e-01
   4.5886219e-01
   4.5903320e-01
   4.4161530e-01
   3.1829104e-01
   4.5837100e-01
   4.5903320e-01
   4.5903320e-01
   4.5903320e-01
   4.5903320e-01
   4.5903320e-01
   4.5903292e-01
   4.5903320e-01
   4.5903320e-01
   4.5903320e-01
   4.5905520e-01
   4.5905520e-01
   3.6928681e-01
   4.5905520e-01
   6.5298437e-02
   4.5880128e-01
   4.5905520e-01
   4.5905520e-01
   4.5050119e-01
   4.5905520e-01
   4.5905520e-01
   4.5905520e-01
   4.5905520e-01
   4.5905520e-01
   4.5905520e-01
   4.0288598e-01
   4.5905520e-01
   4.5905520e-01
   4.5904450e-01
   4.5009853e-01
   4.5905520e-01
   4.5905520e-01
   4.5905520e-01
   5.4357206e-02
   4.5864224e-01
   4.5905520e-01
   4.5905520e-01
   4.5903613e-01
   4.5905505e-01
   4.5905520e-01
   2.0789500e-01
   4.5905520e-01
   4.5907768e-01
   4.5907768e-01
   3.8578850e-01
   4.5907767e-01
   3.6280217e-02
   6.7907150e-02
   4.5907768e-01
   4.3942786e-01
   5.0229868e-02
   4.5907768e-01
   4.3370145e-01
   4.5901341e-01
   3.7286646e-01
   4.5907768e-01
   4.5907531e-01
   4.5907768e-01
   4.5907768e-01
   3.7720447e-01
   4.5907768e-01
   4.5907768e-01
   4.5907768e-01
   4.5907768e-01
   4.5907768e-01
   3.3387640e-01
   4.5907768e-01
   4.5907768e-01
   4.5907768e-01
   4.5886661e-01
   4.5907768e-01
   3.6743442e-01
   4.4806764e-01
   4.5910811e-01
   4.5910811e-01
   4.5910810e-01
   4.5910811e-01
   4.5910811e-01
   4.5910650e-01
   2.6691402e-01
   4.5910811e-01
   4.5910811e-01
   4.5910810e-01
   4.5910811e-01
   4.5910809e-01
   4.5910811e-01
   4.5910811e-01
   4.5910686e-01
   4.5346655e-01
   4.5910785e-01
   4.5910811e-01
   4.5646216e-01
   4.5910811e-01
   3.7347830e-02
   4.5698154e-01
   4.5910811e-01
   4.5910811e-01
   4.5910811e-01
   4.5910804e-01
   4.5910811e-01
   1.3496515e-01
   4.5910811e-01
   4.5910811e-01
   4.5913667e-01
   4.5913667e-01
   3.6729493e-02
   4.5908552e-01
   4.5913667e-01
   4.5913667e-01
   4.5913667e-01
   4.5913667e-01
   4.5913667e-01
   4.5912861e-01
   4.5913634e-01
   4.5913149e-01
   4.5908392e-01
   4.5913663e-01
   4.5913667e-01
   4.5913667e-01
   4.5913667e-01
   4.5913667e-01
   3.8529582e-01
   4.0086489e-01
   4.5913372e-01
   4.5913661e-01
   3.3901098e-01
   4.5913667e-01
   4.5913647e-01
   4.5913629e-01
   4.5906652e-01
   4.5913617e-01
   4.5913667e-01
   4.5916387e-01
   4.5737604e-01
   4.7292259e-02
   4.5916387e-01
   4.5913658e-01
   1.8774288e-01
   2.2255662e-01
   4.5916387e-01
   4.5916387e-01
   4.5916387e-01
   4.5916387e-01
   4.5916387e-01
   4.5819338e-01
   4.5916387e-01
   4.5916387e-01
   4.5916387e-01
   4.5916387e-01
   4.5916387e-01
   4.5916387e-01
   4.5916387e-01
   4.5902842e-01
   4.5916387e-01
   4.5916387e-01
   4.5909909e-01
   4.5916387e-01
   4.5916387e-01
   4.5915616e-01
   4.5916387e-01
   4.5916387e-01
   4.4902099e-01
   4.5919212e-01
   4.5919212e-01
   3.0712929e-01
   4.5919212e-01
   4.5919212e-01
   4.5919212e-01
   4.5919212e-01
   4.5919212e-01
   4.5919212e-01
   4.5919212e-01
   3.2120353e-01
   4.5919212e-01
   4.5919212e-01
   4.5919212e-01
   4.5919212e-01
   4.5919212e-01
   3.7230259e-02
   4.5919186e-01
   4.5423986e-01
   4.5919131e-01
   4.5903256e-01
   4.5919212e-01
   4.5918155e-01
   4.5919212e-01
   4.5800466e-01
   4.5919212e-01
   4.5917198e-01
   4.5922120e-01
   4.5901348e-01
   4.5922120e-01
   4.5922120e-01
   4.4894066e-01
   4.5922120e-01
   4.5922119e-01
   4.5922120e-01
   4.5922120e-01
   3.6996013e-02
   4.5922120e-01
   4.5922120e-01
   4.5922120e-01
   4.5922119e-01
   4.1133833e-01
   4.5922120e-01
   4.5922120e-01
   4.5922120e-01
   4.5682316e-01
   4.5922087e-01
   4.5922120e-01
   4.5900469e-01
   4.5922120e-01
   4.5922120e-01
   4.5922120e-01
   4.5710974e-01
   4.5922046e-01
   4.5923684e-01
   4.5924775e-01
   3.9715212e-01
   4.5924775e-01
   4.5924775e-01
   4.5924775e-01
   4.5924775e-01
   4.5839179e-01
   2.6705197e-01
   4.5924775e-01
   1.8776592e-02
   4.5924775e-01
   4.5924775e-01
   4.5918473e-01
   4.5924775e-01
   4.5924775e-01
   2.1650892e-01
   4.5924775e-01
   4.5924775e-01
   4.5918628e-01
   4.5924775e-01
   4.5924775e-01
   4.5924775e-01
   4.5924775e-01
   4.5924775e-01
   4.5869325e-01
   4.5927822e-01
   4.5649202e-01
   4.5927822e-01
   4.5927822e-01
   4.5927822e-01
   4.5851606e-01
   4.5927822e-01
   4.5927822e-01
   4.5927814e-01
   4.5927822e-01
   4.5927822e-01
   4.5419300e-01
   4.5927822e-01
   4.4823483e-01
   4.5927822e-01
   4.5547208e-01
   4.5927822e-01
   4.5401340e-01
   4.5927822e-01
   4.5927822e-01
   2.5384321e-01
   4.3811699e-01
   4.5835165e-01
   3.0293782e-01
   4.5927822e-01
   4.3691884e-01
   4.5930928e-01
   4.5930928e-01
   4.5930928e-01
   4.5930928e-01
   4.5315477e-01
   4.5930928e-01
   4.5930761e-01
   4.5930928e-01
   4.5930928e-01
   4.2997535e-01
   4.5872924e-01
   4.5930928e-01
   4.5930928e-01
   4.5930928e-01
   4.2224138e-01
   4.5930928e-01
   3.6824177e-02
   4.5930928e-01
   2.0461349e-01
   4.5930928e-01
   4.5930928e-01
   4.5930928e-01
   4.5930928e-01
   4.5906056e-01
   4.5934273e-01
   4.5934273e-01
   4.5934273e-01
   4.5934273e-01
   4.5920735e-01
   4.5934273e-01
   4.5720913e-01
   4.5934273e-01
   3.8502883e-01
   4.5934273e-01
   4.5934273e-01
   4.5934273e-01
   4.5934257e-01
   4.4394740e-01
   4.5934254e-01
   4.5934180e-01
   4.5934273e-01
   4.5934273e-01
   4.5934273e-01
   4.5934273e-01
   4.5934273e-01
   4.5934239e-01
   4.5934273e-01
   4.5934273e-01
   4.4854516e-01
   4.5937083e-01
   6.3097190e-02
   4.5937083e-01
   4.5936780e-01
   4.5937083e-01
   4.5937083e-01
   4.5937083e-01
   4.5937083e-01
   4.5937083e-01
   4.5937083e-01
   4.5937043e-01
   4.5937083e-01
   3.1967674e-01
   4.5930399e-01
   4.5937083e-01
   4.5937083e-01
   4.5937083e-01
   4.5937083e-01
   4.5937083e-01
   4.5935440e-01
   4.5921298e-01
   4.5937079e-01
   2.0690622e-01
   4.2331804e-01
   4.5939855e-01
   4.5939902e-01
   4.5939804e-01
   4.5939902e-01
   4.5939902e-01
   4.5939902e-01
   4.5939902e-01
   4.5939902e-01
   4.5939902e-01
   4.5939902e-01
   4.5939902e-01
   4.5885590e-01
   4.5939902e-01
   4.5939902e-01
   4.5493468e-01
   4.5939902e-01
   4.5939902e-01
   4.5939902e-01
   4.5937606e-01
   4.5939902e-01
   4.5942400e-01
   4.5936497e-01
   9.1128502e-02
   4.5942400e-01
   4.5942400e-01
   4.5942400e-01
   4.5942400e-01
   4.5942400e-01
   4.5942400e-01
   4.5942400e-01
   4.5938868e-01
   4.5616280e-01
   4.5942400e-01
   1.0692531e-01
   4.5942400e-01
   4.5942400e-01
   4.5913071e-01
   4.5942323e-01
   4.5942400e-01
   4.5531157e-01
   4.5942379e-01
   4.5944361e-01
   4.5929615e-01
   4.5944368e-01
   4.5944368e-01
   4.5944368e-01
   4.5944368e-01
   4.5944368e-01
   4.5944368e-01
   4.5944368e-01
   4.5944368e-01
   4.5944368e-01
   4.5944368e-01
   4.5944368e-01
   4.5944368e-01
   4.5944368e-01
   4.2432422e-01
   4.5567951e-01
   4.5944368e-01
   4.5944368e-01
   4.5944368e-01
   4.5944368e-01
   4.5945745e-01
   4.5945745e-01
   4.5945745e-01
   4.5945745e-01
   4.5945745e-01
   4.5945745e-01
   4.5945745e-01
   4.5945099e-01
   1.2351130e-01
   4.5945744e-01
   4.5945745e-01
   4.5945745e-01
   4.5945745e-01
   4.5945745e-01
   4.5945745e-01
   4.5941571e-01
   4.5943807e-01
   4.4575649e-01
   4.5945745e-01
   4.5945745e-01
   4.5946566e-01
   4.5946868e-01
   4.5946794e-01
   4.5946868e-01
   4.5939245e-01
   4.5946868e-01
   4.5946868e-01
   4.5946435e-01
   1.0780362e-01
   4.5946868e-01
   4.5946868e-01
   4.5946868e-01
   4.5946865e-01
   3.7669110e-01
   4.5946868e-01
   4.5946868e-01
   4.5946868e-01
   4.5709760e-01
   4.5946868e-01
   4.5948061e-01
   3.6548859e-02
   4.5948061e-01
   4.5948061e-01
   4.5948061e-01
   4.5948061e-01
   4.5946901e-01
   4.5798405e-01
   4.5935269e-01
   4.5948061e-01
   4.5948061e-01
   4.5948061e-01
   4.5948061e-01
   4.5948061e-01
   4.5948061e-01
   4.5948048e-01
   4.5948061e-01
   4.5948061e-01
   4.5948892e-01
   4.5948892e-01
   4.5944944e-01
   4.5909435e-01
   4.5948892e-01
   5.2455637e-02
   4.5655023e-01
   4.5948892e-01
   4.5948892e-01
   4.5948892e-01
   3.9225729e-01
   4.5948892e-01
   4.4408250e-01
   4.5948892e-01
   4.5948892e-01
   4.5948892e-01
   4.5948892e-01
   4.5948892e-01
   1.3590420e-01
   4.5949467e-01
   4.5949467e-01
   4.5909679e-01
   4.5949448e-01
   4.5949462e-01
   4.5949467e-01
   4.5949467e-01
   4.5949467e-01
   4.5949467e-01
   3.6034061e-02
   4.5949467e-01
   4.5949467e-01
   4.5949467e-01
   4.5949462e-01
   4.5949467e-01
   4.5949467e-01
   4.5950521e-01
   4.5950521e-01
   4.5950521e-01
   4.5950521e-01
   4.5950521e-01
   4.5950521e-01
   4.5950521e-01
   4.5946568e-01
   4.5950507e-01
   1.5689712e-01
   4.5950521e-01
   4.5950521e-01
   4.5950521e-01
   4.5950477e-01
   4.5950519e-01
   4.5950521e-01
   4.5951396e-01
   4.5951404e-01
   4.5818683e-01
   4.5938242e-01
   4.4643077e-01
   4.5941394e-01
   4.5951404e-01
   4.5951404e-01
   4.5951404e-01
   4.5951404e-01
   4.5946898e-01
   4.5951404e-01
   4.5951404e-01
   4.5951404e-01
   4.5951383e-01
   3.5435947e-01
   4.5951595e-01
   4.5951595e-01
   4.5951595e-01
   4.5950862e-01
   4.5951595e-01
   4.5950554e-01
   4.4952402e-01
   4.5951595e-01
   4.5951595e-01
   4.5951593e-01
   4.5951595e-01
   4.5951595e-01
   4.5951595e-01
   4.5951383e-01
   4.5951436e-01
   4.5951330e-01
   4.5846787e-01
   4.5951436e-01
   4.5951423e-01
   4.5951436e-01
   4.5951436e-01
   4.5951436e-01
   4.5822336e-01
   3.8514611e-02
   1.9072638e-01
   4.5951436e-01
   4.5951433e-01
   4.5951364e-01
   1.3847644e-01
   3.8986453e-01
   4.5951364e-01
   4.5951364e-01
   2.3246738e-01
   4.5951364e-01
   4.5940445e-01
   4.5951364e-01
   4.5951364e-01
   4.5951364e-01
   4.5950956e-01
   4.5951364e-01
   4.5939158e-01
   4.5938705e-01
   4.5952001e-01
   4.5952063e-01
   4.1184234e-01
   3.6204377e-02
   4.5952063e-01
   4.5952063e-01
   2.7067647e-01
   4.5952063e-01
   3.9050936e-01
   4.5952063e-01
   4.5953891e-01
   4.5953890e-01
   4.5953891e-01
   4.5953891e-01
   4.5953867e-01
   4.5953891e-01
   4.5953891e-01
   4.5953889e-01
   4.5953882e-01
   4.5953891e-01
   4.5953891e-01
   4.5954991e-01
   4.5954992e-01
   4.5954990e-01
   4.5954992e-01
   4.5882301e-01
   4.5832265e-01
   4.5225080e-01
   4.5954992e-01
   4.5954992e-01
   4.5954992e-01
   4.5954992e-01
   4.5955429e-01
   4.5955428e-01
   4.5955429e-01
   4.5955429e-01
   4.5955428e-01
   4.5955429e-01
   4.5955428e-01
   4.5954884e-01
   4.5955429e-01
   4.5955429e-01
   4.5955051e-01
   4.5955051e-01
   4.5955051e-01
   4.5860303e-01
   4.5955051e-01
   4.5955051e-01
   1.2544692e-01
   4.5937824e-01
   4.5955051e-01
   4.5954826e-01
   4.5954826e-01
   4.5952565e-01
   4.5954826e-01
   4.5954826e-01
   7.0388324e-02
   4.5954826e-01
   4.5954826e-01
   4.5953994e-01
   4.5954909e-01
   3.8261811e-01
   4.5954909e-01
   4.5954909e-01
   4.5041796e-01
   4.5954907e-01
   4.5954906e-01
   4.5930869e-01
   4.5954714e-01
   4.5954760e-01
   4.5954905e-01
   4.5935968e-01
   4.5954906e-01
   4.5954078e-01
   4.5954078e-01
   4.5954078e-01
   4.3997719e-01
   4.5954078e-01
   3.4753048e-01
   4.5953578e-01
   4.5953578e-01
   2.8525704e-01
   4.5744802e-01
   4.5953578e-01
   4.5952261e-01
   4.5947917e-01
   4.5952261e-01
   4.5803578e-01
   4.5949961e-01
   2.3821985e-01
   2.7655365e-01
   2.6882470e-01
   4.5951391e-01
   4.5951391e-01
   4.5951391e-01
   4.5952392e-01
   4.5949349e-01
   4.5952984e-01
