80 
6.4758e-05
6.479e-05
6.4855e-05
6.4954e-05
6.5089e-05
6.526e-05
6.547e-05
6.572e-05
6.6012e-05
6.6304e-05
6.6585e-05
6.6856e-05
6.7123e-05
6.7368e-05
6.7613e-05
6.7849e-05
6.8077e-05
6.8296e-05
6.8518e-05
6.8737e-05
6.8954e-05
6.9146e-05
6.9342e-05
6.9528e-05
6.9719e-05
6.9908e-05
7.0097e-05
7.0283e-05
7.0448e-05
7.0612e-05
7.0764e-05
7.0897e-05
7.1022e-05
7.1135e-05
7.1222e-05
7.1311e-05
7.1386e-05
7.1454e-05
7.1531e-05
7.1616e-05
7.1686e-05
7.1746e-05
7.1779e-05
7.1816e-05
7.1859e-05
7.1912e-05
7.1977e-05
7.1948e-05
7.1938e-05
7.1937e-05
7.1952e-05
7.1981e-05
7.2023e-05
7.2012e-05
7.2009e-05
7.2013e-05
7.2024e-05
7.203e-05
7.2022e-05
7.2007e-05
7.1998e-05
7.1997e-05
7.2005e-05
7.2004e-05
7.2012e-05
7.2013e-05
7.2028e-05
7.2059e-05
7.211e-05
7.2185e-05
7.2288e-05
7.2424e-05
7.2601e-05
7.2824e-05
7.2735e-05
7.2659e-05
7.2598e-05
7.2554e-05
7.2527e-05
7.2517e-05
