80 
0.45852
0.45852
0.45851
0.4585
0.45849
0.45847
0.45845
0.45842
0.45839
0.45835
0.45832
0.4583
0.45827
0.45825
0.45823
0.45822
0.4582
0.4582
0.45819
0.45818
0.45817
0.45817
0.45817
0.45818
0.45818
0.45818
0.45818
0.45818
0.45819
0.4582
0.45821
0.45822
0.45823
0.45825
0.45828
0.45831
0.45833
0.45837
0.45839
0.45841
0.45844
0.45847
0.4585
0.45853
0.45857
0.4586
0.45863
0.45866
0.45869
0.45872
0.45875
0.45877
0.45879
0.45881
0.45882
0.45884
0.45884
0.45885
0.45886
0.45887
0.45888
0.45888
0.45888
0.45888
0.45889
0.45891
0.45892
0.45893
0.45893
0.45893
0.45893
0.45894
0.45893
0.45892
0.45891
0.45889
0.45891
0.45892
0.45892
0.45892
