80 
0.95521
0.95523
0.95526
0.95531
0.95538
0.95546
0.95557
0.9557
0.95585
0.95599
0.95613
0.95626
0.95639
0.95651
0.95662
0.95673
0.95683
0.95693
0.95702
0.95711
0.95719
0.95727
0.95735
0.95741
0.95748
0.95755
0.9576
0.95766
0.95771
0.95776
0.95781
0.95786
0.9579
0.95794
0.95798
0.95802
0.95805
0.95808
0.95811
0.95813
0.95816
0.95818
0.9582
0.95822
0.95824
0.95825
0.95827
0.95828
0.9583
0.95831
0.95833
0.95834
0.95835
0.95836
0.95838
0.95839
0.9584
0.95841
0.95842
0.95844
0.95845
0.95847
0.95848
0.9585
0.95851
0.95852
0.95853
0.95855
0.95856
0.95857
0.95858
0.95859
0.95859
0.95859
0.9586
0.9586
0.9586
0.95859
0.95859
0.95859
