80 
0.060806
0.060835
0.060893
0.060981
0.061101
0.061254
0.061442
0.061667
0.06193
0.062194
0.06245
0.062697
0.062939
0.063167
0.063392
0.063604
0.063809
0.063999
0.064192
0.064385
0.064569
0.064735
0.064894
0.065044
0.065201
0.065356
0.065515
0.065671
0.065799
0.06593
0.066052
0.066165
0.06627
0.066363
0.066434
0.066506
0.066571
0.066631
0.066696
0.066772
0.066835
0.066879
0.066915
0.066949
0.066978
0.067005
0.067033
0.067055
0.067083
0.067106
0.067138
0.067169
0.067206
0.067229
0.067263
0.0673
0.06734
0.067376
0.067406
0.067426
0.067449
0.067482
0.067525
0.067549
0.067564
0.067561
0.067566
0.06758
0.067604
0.067621
0.067625
0.067636
0.067657
0.067684
0.067704
0.067736
0.067721
0.067711
0.067705
0.067702
