  -1.0000000e+02
   1.2110773e-04
   9.9948402e-01
   9.9947985e-01
   1.0000000e+01
   1.5535554e+02
   6.4757738e-05
   4.5852089e-01
   1.0419756e-04
   6.0805850e-02
   9.5520904e-01
   9.6824958e-01
   1.3372363e-02
   6.9256457e-05
   1.5941525e-07
   1.3760389e-10
   1.5336476e-02
   2.7167302e-03
   2.4375661e-04
   1.1512993e-05
   1.0000000e+00
   8.7463794e-01
   1.1381214e-01
   5.5537264e-03
   1.2047185e-04
   9.8595879e-07
   4.1603087e-03
   2.8672291e-04
   5.4214873e-04
   3.4387584e-04
   1.0000000e+00
   6.2143478e+00
   9.9974541e-01
   2.1384948e-04
   3.7605183e-05
   2.8490731e-06
   2.8373507e-07
