   5.6894415e-01
   5.8390468e-01
   5.5342185e-01
   3.9001251e-01
   5.8618068e-01
   5.8320443e-01
   5.8181379e-01
   1.4579220e-01
   5.8503252e-01
   5.8620231e-01
   5.8574379e-01
   2.9741557e-02
   4.1993446e-01
   8.5187908e-02
   5.8616773e-01
   5.7958380e-01
   5.3639818e-01
   5.8397673e-01
   5.6815636e-01
   5.8618501e-01
   1.4163822e-01
   5.8524506e-01
   5.4043537e-01
   3.6151215e-01
   3.6826422e-01
   4.9763465e-02
   5.8607630e-01
   3.4641934e-01
   5.8469554e-01
   5.8592308e-01
   5.8621390e-01
   5.8619061e-01
   5.5126631e-01
   4.5929423e-01
   3.0093017e-01
   3.7865249e-01
   5.8560373e-01
   4.6192364e-02
   4.9667138e-01
   5.8607234e-01
   2.7393981e-01
   2.5678076e-02
   5.8617209e-01
   5.6074475e-01
   5.4805964e-01
   2.8301923e-01
   5.8555363e-01
   5.8591447e-01
   8.2915100e-02
   4.7051184e-01
   4.6189805e-02
   3.4880835e-01
   5.0299701e-01
   5.7643551e-01
   1.4861126e-01
   5.8438982e-01
   7.8395134e-02
   1.7319482e-01
   5.7648575e-01
   5.7177856e-01
   4.6168092e-02
   1.4725713e-01
   5.7748622e-01
   4.6168092e-02
   4.1681410e-01
   5.8453577e-01
   2.7174042e-01
   5.5083957e-01
   2.1337068e-01
   5.8568152e-01
   5.8587887e-01
   5.7374332e-01
   5.8589857e-01
   5.8095161e-01
   4.4382860e-01
   5.8170097e-01
   3.5477495e-01
   4.9802270e-01
   5.5190467e-01
   5.8373982e-01
   5.5137070e-01
   3.3535946e-01
   1.0627789e-01
   4.6737116e-02
   5.7637808e-01
   5.4095316e-01
   5.8589715e-01
   5.7524604e-01
   5.8568216e-01
   5.8354601e-01
   5.7416919e-01
   4.9629508e-01
   5.8323809e-01
   4.4534982e-01
   5.8589818e-01
   4.6196394e-02
   8.2642447e-02
   5.8584510e-01
   4.6413992e-02
   5.8501564e-01
   5.8585075e-01
   3.8544818e-01
   5.8519587e-01
   5.0565568e-01
   1.6620685e-01
   5.5491944e-01
   5.8054546e-01
   5.8588728e-01
   5.6171693e-01
   2.4173243e-01
   5.2674674e-01
   5.7975008e-01
   1.6697391e-01
   5.8551423e-01
   5.7500699e-01
   2.5587202e-01
   4.6144983e-02
   2.2568730e-01
   5.8538261e-01
   4.6166021e-02
   5.3658843e-01
   4.6517716e-01
   5.6774834e-01
   5.5804197e-01
   5.8556413e-01
   5.7677833e-01
   2.2353647e-01
   5.8532521e-01
   5.7203798e-01
   5.4823544e-01
   5.8535984e-01
   8.1713572e-02
   5.7567067e-01
   5.7872732e-01
   8.0691970e-02
   8.7402683e-02
   4.6144993e-02
   2.6495835e-01
   4.4353290e-01
   5.7748950e-02
   5.8556394e-01
   5.8555499e-01
   5.8550574e-01
   4.9702477e-01
   5.8555276e-01
   5.5079182e-01
   5.8545110e-01
   4.6211621e-02
   5.8059441e-01
   5.5242110e-01
   5.6819044e-01
   2.2486541e-01
   4.0836510e-01
   4.9289570e-01
   2.0477368e-02
   5.8554144e-01
   5.8187358e-01
   5.2059444e-01
   5.8276790e-01
   5.6155579e-01
   8.1515152e-02
   5.8554774e-01
   5.8526122e-01
   4.6144984e-02
   4.2797004e-01
   5.8522355e-01
   5.8512289e-01
   1.2548548e-01
   5.8215598e-01
   1.1319948e-01
   4.6130253e-02
   4.0545226e-01
   2.2989286e-01
   4.6121448e-02
   5.8495159e-01
   4.8077799e-02
   5.8510510e-01
   4.1908523e-01
   1.5018827e-01
   3.9574453e-01
   5.8509417e-01
   5.8511556e-01
   5.8357771e-01
   4.6136213e-02
   2.3453429e-01
   5.8522150e-01
   5.8126151e-01
   5.8518190e-01
   5.2878136e-01
   1.0184156e-01
   5.6602273e-01
   5.0347893e-01
   5.7328171e-01
   5.8508680e-01
   5.7698854e-01
   8.4887347e-02
   4.9087247e-02
   5.7276541e-01
   5.8348442e-01
   1.2773054e-01
   5.8511021e-01
   5.8304831e-01
   5.7674279e-01
   7.9049638e-02
   5.6821968e-01
   5.6988680e-01
   5.2375434e-01
   5.8427344e-01
   2.5626252e-02
   4.6121215e-02
   5.8414934e-01
   4.0544615e-01
   5.3746177e-01
   4.6121210e-02
   2.7026105e-01
   4.6156349e-02
   2.8130943e-01
   8.4863855e-02
   4.6121296e-02
   5.7579021e-01
   5.8231514e-01
   5.8327643e-01
   5.4215201e-01
   4.6097754e-02
   3.4546318e-01
   5.7017678e-01
   3.0552742e-01
   3.3024729e-01
   5.3812784e-01
   3.5003655e-01
   5.8281603e-01
   5.0635936e-01
   4.6107145e-02
   1.8466813e-01
   1.3556441e-01
   2.7522955e-01
   3.3799385e-01
   5.3034618e-01
   2.4073264e-02
   5.8370575e-01
   5.8487944e-01
   5.3460382e-01
   5.0982029e-01
   5.3088107e-02
   5.8326493e-01
   5.8285425e-01
   2.0452588e-01
   5.7781132e-01
   5.8453650e-01
   5.8465997e-01
   4.5848203e-02
   5.6273673e-01
   5.6715810e-01
   4.6552863e-01
   5.8487614e-01
   4.6143281e-02
   5.8268190e-01
   5.5734973e-01
   6.2179502e-02
   3.8585750e-01
   5.8414858e-01
   1.9142995e-01
   5.8195774e-01
   4.6080627e-02
   8.7839178e-02
   3.9583849e-01
   4.9847592e-02
   5.8147362e-01
   4.9175196e-01
   5.8342011e-01
   2.5637600e-01
   5.3452143e-02
   5.8372618e-01
   2.6138694e-01
   5.7909944e-01
   1.2095351e-01
   5.6253618e-01
   5.0027877e-02
   5.7800892e-01
   5.8024093e-01
   4.6583972e-01
   3.9929074e-01
   5.6599494e-01
   2.4543312e-02
   5.8169687e-01
   4.7180750e-02
   4.5993686e-02
   5.8431680e-01
   5.3023349e-01
   4.1254991e-01
   5.8453604e-01
   1.6169442e-01
   5.8440816e-01
   2.4573669e-01
   5.7705683e-01
   1.4288091e-01
   4.3166706e-01
   5.8448946e-01
   5.2363244e-01
   5.8425640e-01
   4.7861174e-01
   5.7865895e-01
   4.9586089e-01
   5.8449732e-01
   9.1883508e-02
   5.8437049e-01
   1.9737209e-01
   2.9145068e-01
   4.6875258e-02
   5.8419534e-01
   4.5551817e-02
   5.8449610e-01
   5.8417938e-01
   4.6747202e-01
   3.0383294e-01
   5.6023166e-01
   4.6859865e-01
   3.9084882e-01
   5.9902877e-02
   5.8453956e-01
   5.8451070e-01
   5.2255114e-01
   1.4274753e-01
   5.5218292e-01
   3.0842835e-01
   5.1739735e-01
   5.7185907e-01
   5.8389140e-01
   2.3241328e-01
   5.8060099e-01
   5.8232147e-01
   5.8416228e-01
   5.1185220e-01
   2.5955407e-01
   3.7360342e-01
   2.7326453e-01
   5.7078129e-01
   5.8416767e-01
   5.2640115e-01
   5.8416599e-01
   5.7681074e-01
   5.8285451e-01
   5.8406580e-01
   5.1481676e-01
   4.7020637e-01
   5.8405455e-01
   4.6090974e-02
   1.1590377e-01
   2.5212071e-01
   5.5868029e-01
   4.5982300e-01
   4.1529812e-01
   8.3130432e-02
   5.7586713e-01
   4.6045256e-02
   4.6672965e-01
   5.8329640e-01
   9.3096043e-02
   3.8104044e-01
   5.7921429e-01
   1.3957414e-01
   4.6249975e-02
   5.8379841e-01
   5.8418074e-01
   2.1334096e-01
   4.5713660e-01
   1.6909586e-01
   5.3690387e-01
   4.6048839e-02
   5.8137591e-01
   4.6049082e-02
   3.1689194e-01
   5.5834127e-01
   5.5503490e-01
   5.8050377e-01
   4.5998137e-02
   2.3647267e-01
   5.8382456e-01
   5.7479821e-01
   3.6648092e-01
   5.8381920e-01
   4.6023366e-02
   1.0932308e-01
   5.8380650e-01
   4.6050641e-02
   2.4709472e-01
   3.7930161e-01
   4.6690852e-02
   5.8378483e-01
   5.8326637e-01
   5.8380896e-01
   5.8382941e-01
   4.5289449e-01
   2.3604555e-01
   5.7462134e-01
   4.6027573e-02
   5.8382875e-01
   3.7085936e-01
   3.3529414e-01
   4.6011715e-02
   2.6490550e-01
   5.2964456e-01
   5.8382290e-01
   5.8334855e-01
   5.5447765e-01
   5.8380621e-01
   1.6302744e-02
   5.8365630e-01
   2.4060073e-01
   5.0925277e-01
   5.7892737e-01
   5.4003158e-01
   4.6029352e-02
   5.8340335e-01
   5.1568590e-01
   5.8364811e-01
   1.0636885e-01
   5.5865599e-01
   4.4075549e-02
   5.8382725e-01
   4.6023167e-02
   1.5425226e-01
   4.2397851e-01
   2.8776531e-01
   5.6671374e-01
   4.6008838e-02
   3.7756213e-01
   5.0943927e-01
   8.0969505e-02
   5.6894871e-01
   5.8295966e-01
   2.5824007e-01
   5.8345694e-01
   5.4780232e-01
   5.8318473e-01
   4.7880497e-01
   3.2091474e-01
   5.2111769e-02
   5.3582546e-02
   1.7594797e-01
   5.2894383e-01
   4.8791731e-01
   4.5997221e-02
   2.1226361e-01
   3.4450633e-01
   5.7349861e-01
   4.5996353e-02
   5.3149864e-01
   5.7021223e-01
   5.3563667e-01
   5.2546583e-01
   5.8096733e-01
   4.5997377e-02
   4.5997184e-02
   2.3357930e-02
   2.1492153e-01
   2.4303820e-01
   4.5998630e-02
   5.5692928e-02
   2.4028222e-02
   1.9252689e-01
   2.8691567e-01
   2.6399484e-01
   5.8341823e-01
   4.5997123e-02
   7.6139824e-02
   2.4292699e-01
   4.7289610e-01
   4.5997184e-02
   5.0475565e-01
   5.5636151e-01
   4.5995792e-02
   5.7992077e-01
   5.8330090e-01
   4.5997184e-02
   4.6858842e-01
   5.8310050e-01
   5.0050432e-01
   5.8311909e-01
   5.8285781e-01
   5.7756791e-01
   8.4577622e-02
   4.0653781e-01
   5.7303216e-01
   5.7854834e-01
   2.6214557e-02
   5.7594782e-01
   2.3817914e-01
   5.0085831e-01
   4.6375969e-02
   4.5972275e-02
   5.8312298e-01
   5.7966318e-01
   5.8270786e-01
   5.8292852e-01
   3.7841187e-01
   6.9795759e-02
   4.5984322e-02
   5.6578117e-01
   4.0724499e-01
   2.3816657e-01
   1.1319680e-01
   5.3469631e-01
   5.8312298e-01
   4.2944581e-01
   2.0835798e-01
   5.7927702e-01
   4.3366881e-01
   5.5953102e-01
   4.2762224e-02
   9.5767740e-02
   1.1379496e-01
   8.8599799e-02
   2.7491231e-01
   2.4354326e-02
   5.3402575e-01
   4.5071540e-01
   5.6531103e-01
   5.8302011e-01
   3.4894186e-01
   5.8310483e-01
   5.1889605e-01
   4.7601476e-02
   5.5708713e-01
   5.8223365e-01
   5.1635274e-01
   3.3681935e-02
   2.7147145e-01
   1.0998132e-01
   5.1249864e-01
   1.2934372e-01
   5.4421642e-01
   5.8027933e-01
   5.3912060e-01
   2.4056961e-02
   4.9735107e-02
   5.7547917e-01
   5.2321775e-01
   5.7807259e-01
   5.7875149e-01
   4.5976343e-02
   5.8154350e-01
   1.7319717e-01
   5.2718360e-01
   1.6286033e-02
   4.5948925e-02
   5.8201612e-01
   5.5687208e-01
   4.6178799e-02
   2.7372133e-01
   4.5942256e-02
   8.3473255e-02
   3.9773384e-01
   5.5292433e-01
   5.8205367e-01
   5.1451963e-01
   3.7054706e-01
   1.8756804e-01
   5.8246083e-01
   4.5951430e-02
   9.5766724e-02
   3.8978540e-01
   5.8122739e-01
   5.7525901e-01
   2.4047323e-02
   7.1364530e-02
   4.7007145e-01
   5.3001878e-02
   5.8275300e-01
   5.5898839e-01
   3.8195172e-01
   4.5895619e-02
   5.7990147e-01
   4.5769759e-01
   5.1701783e-01
   8.3966809e-02
   5.7290991e-01
   5.6878472e-01
   5.8217422e-01
   5.8241517e-01
   4.5921219e-02
   5.8057788e-01
   5.5710850e-01
   5.7634869e-01
   3.8653251e-01
   2.1114166e-01
   4.4780583e-01
   5.1512649e-01
   5.1369964e-02
   2.4454338e-02
   5.6165784e-01
   4.5892584e-02
   2.3923990e-02
   5.7980301e-01
   4.8999834e-01
   3.1710297e-01
   5.3431161e-01
   5.3887731e-01
   4.7113711e-01
   2.5083519e-02
   5.2699137e-01
   5.2061563e-02
   5.7532186e-01
   8.8716227e-02
   5.5592927e-01
   5.8144181e-01
   5.8122232e-01
   4.1142795e-01
   5.0085155e-01
   5.6074079e-01
   5.7720473e-01
   3.5595634e-01
   1.4808219e-01
   5.8172205e-01
   4.5425046e-02
   2.0320768e-01
   4.5923342e-02
   2.1599715e-01
   1.5659149e-01
   1.5201612e-01
   4.5899492e-02
   5.8179868e-01
   6.4273015e-02
   1.4555444e-01
   5.8010166e-01
   5.5106902e-01
   5.8388212e-02
   5.8116492e-01
   5.6016461e-02
   9.1543908e-02
   1.2818101e-01
   4.7223870e-02
   5.6187192e-01
   4.5708994e-02
   4.1942505e-01
   5.4407164e-01
   3.8797639e-02
   5.8129907e-01
   4.3234715e-01
   2.1243584e-01
   1.9033057e-01
   4.4373149e-02
   5.0427822e-01
   1.6900219e-01
   5.8005406e-01
   5.7204708e-01
   4.9664970e-01
   3.6808001e-01
   1.8017303e-01
   3.0983057e-01
   4.3925604e-02
   2.3631619e-02
   1.4600622e-01
   5.8198786e-01
   1.1415869e-01
   1.7539976e-01
   5.7912339e-01
   4.5893728e-02
   4.5647597e-02
   5.7992210e-01
   3.4167528e-01
   5.7111983e-01
   4.5836750e-02
   5.8124910e-01
   4.9381923e-01
   5.8068883e-01
   5.5043458e-01
   5.6346400e-01
   5.7324979e-01
   5.8167760e-01
   3.8690204e-01
   4.7755574e-02
   5.7844522e-01
   5.7283876e-01
   5.7324136e-01
   5.8083387e-01
   4.5858540e-01
   4.5873604e-02
   5.6817686e-01
   2.5943566e-01
   1.3298201e-01
   5.0562852e-01
   1.3382516e-01
   1.4611497e-01
   3.9655314e-02
   5.0713675e-01
   4.5871130e-02
   5.3104470e-01
   4.5801931e-02
   2.8999118e-01
   4.5950422e-02
   5.1261270e-01
   2.4490313e-01
   1.3611351e-01
   5.4230964e-01
   3.7587188e-01
   6.5855182e-02
   3.6873062e-01
   5.7408522e-01
   4.5869473e-02
   4.7574811e-02
   4.4792756e-02
   4.5814517e-02
   5.7456028e-01
   2.4604243e-02
   1.4549360e-01
   5.4679505e-02
   4.6020087e-02
   4.5868863e-02
   3.0087099e-01
   4.6069551e-02
   4.1413859e-01
   5.7160294e-01
   5.6094261e-01
   4.5618772e-02
   4.2885144e-01
   4.7073739e-02
   2.4553022e-02
   5.7495408e-01
   4.7363949e-02
   4.6413823e-01
   5.8094244e-01
   1.4596943e-01
   1.9521354e-01
   5.7817288e-01
   5.2227966e-01
   4.5860115e-02
   5.5195726e-01
   5.6186437e-01
   5.4718838e-01
   4.5843180e-02
   2.6599887e-01
   5.2615689e-02
   2.7757059e-02
   5.8126735e-01
   4.5843380e-02
   4.8953812e-01
   2.5878034e-01
   4.7826822e-02
   2.3950649e-02
   2.8031007e-01
   3.3856979e-01
   1.9206389e-01
   4.5843397e-02
   4.2367468e-01
   5.1606391e-02
   4.5835472e-02
   3.1223622e-01
   4.0382808e-01
   5.3215735e-01
   1.4894405e-01
   4.7964513e-02
   9.1009065e-02
   5.5297572e-01
   2.3950872e-02
   5.4955832e-01
   5.8095268e-01
   6.5988871e-02
   4.6708658e-01
   5.8077501e-01
   5.7048353e-02
   3.0710099e-01
   5.7671789e-01
   1.3853591e-01
   2.8250056e-02
   4.4994588e-01
   3.1745915e-01
   2.7915931e-01
   5.7887422e-01
   4.3568932e-01
   3.3005142e-01
   5.8079610e-01
   4.5832619e-02
   6.6089771e-02
   5.0252518e-01
   4.8785871e-02
   4.7435361e-02
   4.6035927e-02
   3.8601184e-01
   4.9910381e-01
   4.6844812e-02
   3.1502462e-01
   2.4240225e-01
   5.8068385e-01
   4.3408154e-01
   4.6191366e-02
   1.2793676e-01
   5.4595478e-01
   5.7290682e-01
   4.6105859e-02
   4.6824933e-02
   1.0917875e-01
   3.5572098e-01
   4.8911979e-01
   5.6240457e-01
   4.9281578e-01
   2.4665267e-02
   4.5572172e-01
   3.0928813e-01
   4.5963772e-02
   5.7967290e-01
   3.3339941e-01
   5.7443247e-01
   1.2101228e-01
   5.7257696e-01
   5.3655725e-01
   3.1353460e-01
   4.8554162e-02
   2.8131119e-01
   1.8889773e-01
   4.6984001e-02
   4.4846341e-02
   5.4223228e-01
   5.2920402e-01
   5.7679758e-01
   5.3885745e-02
   4.4521102e-01
   5.7906152e-01
   5.8056775e-01
   3.9041289e-01
   5.7527425e-01
   5.5878669e-01
   3.9962376e-01
   5.8066555e-01
   1.8009833e-01
   4.2114322e-01
   4.8883773e-02
   3.2890534e-01
   4.3512856e-01
   1.0935285e-01
   5.6765961e-01
   2.4356477e-02
   3.4203221e-01
   7.9940633e-02
   2.7828521e-01
   4.5795229e-02
   4.7199473e-02
   4.5794646e-02
   4.5644134e-01
   5.7403816e-01
   4.5815645e-02
   5.1184073e-01
   4.5697866e-02
   5.2044497e-01
   4.2249588e-01
   5.7224879e-01
   2.3916151e-02
   4.5769194e-02
   3.7180065e-01
   6.7888550e-02
   4.5385230e-02
   5.5853298e-01
   5.8032549e-01
   5.7981527e-01
   5.5095423e-01
   5.7880127e-01
   1.6248820e-01
   4.6361409e-02
   1.2165974e-01
   4.6258669e-02
   4.3759015e-02
   5.7964868e-01
   4.4481100e-01
   5.0927874e-01
   1.5795777e-01
   1.4943366e-01
   5.3308993e-01
   4.5977657e-02
   5.7764558e-01
   5.7338972e-01
   5.8010314e-01
   5.7819674e-01
   3.1007745e-01
   4.8152152e-01
   5.7530888e-01
   5.3346505e-01
   5.8030561e-01
   4.3105929e-02
   5.7943905e-01
   1.4873787e-01
   4.6212021e-02
   4.5856703e-02
   5.6319010e-01
   2.8223740e-01
   8.2656503e-02
   4.6075091e-02
   3.3676018e-02
   2.3594024e-01
   5.6449623e-01
   5.7771398e-01
   3.7946514e-01
   1.7262319e-02
   1.3686903e-01
   5.4363184e-01
   1.5756524e-01
   5.4576659e-02
   5.5575625e-01
   4.0781745e-01
   5.7542594e-02
   4.6171118e-02
   5.4843884e-01
   4.7928782e-01
   4.5745522e-02
   5.7941345e-01
   4.9139763e-01
   4.6662528e-02
   2.4567407e-02
   5.7492926e-01
   4.5745521e-02
   5.5972516e-01
   1.2959450e-01
   5.3587323e-01
   5.5200100e-02
   5.0710703e-01
   2.5181502e-02
   4.3147812e-01
   4.6028522e-02
   4.8188937e-01
   4.5745521e-02
   5.4278834e-01
   4.5744333e-02
   2.5660518e-02
   4.5759341e-02
   4.5745521e-02
   4.6498670e-02
   5.0317066e-01
   1.2940856e-01
   1.3996144e-01
   4.6904170e-02
   2.4382939e-01
   2.1003409e-01
   6.4518730e-02
   4.0435022e-01
   5.6545652e-01
   3.1859570e-01
   9.3169062e-02
   5.5158855e-01
   2.4622468e-01
   5.6675309e-01
   5.1763189e-01
   3.9964572e-02
   4.5725140e-02
   2.3970639e-02
   5.6449483e-01
   4.5536897e-02
   5.2035822e-01
   4.5788716e-02
   5.7755994e-01
   4.6750626e-01
   4.6488248e-02
   5.3867568e-01
   4.4925230e-02
   2.8695094e-01
   3.8777344e-01
   4.5721858e-02
   4.9742930e-01
   2.8441303e-01
   1.0819371e-01
   5.7938938e-01
   4.5720937e-02
   4.5963414e-01
   2.8119941e-01
   6.2803602e-02
   4.9180595e-01
   5.7855992e-01
   1.4041729e-01
   4.2271846e-01
   2.3931731e-02
   4.2573454e-02
   4.9537404e-01
   5.7168385e-01
   4.4154893e-02
   4.6815342e-02
   5.6673565e-01
   4.7934810e-01
   1.2351014e-01
   5.5410363e-01
   4.5699278e-02
   5.1716023e-01
   4.1692334e-01
   3.9573649e-02
   4.4579282e-01
   4.5717384e-02
   2.3948246e-02
   5.8979267e-02
   5.6812052e-01
   5.7931131e-01
   1.9962841e-01
   1.8275708e-01
   4.0308940e-02
   5.7841000e-01
   5.4403028e-01
   4.6307995e-02
   4.4498126e-01
   1.4364609e-01
   2.3875412e-02
   5.7930024e-01
   8.2498208e-02
   3.2109178e-01
   5.5572575e-02
   4.4043224e-01
   4.2879663e-01
   2.3525077e-01
   2.6304193e-02
   5.6996961e-01
   4.8721712e-01
   1.6272182e-01
   5.7918719e-01
   5.6737067e-01
   5.7499752e-01
   2.9843642e-01
   4.6373674e-02
   1.0653592e-01
   4.9384153e-01
   6.5489444e-02
   4.0401393e-01
   2.5610559e-01
   3.9950401e-01
   4.5675629e-02
   4.7563357e-01
   4.7878311e-01
   2.3839817e-02
   4.5677247e-02
   5.0721083e-01
   1.9895457e-01
   4.5682105e-02
   2.6300613e-01
   8.6536280e-02
   9.1759994e-02
   4.2489539e-01
   2.3858673e-02
   4.5071502e-01
   5.2000146e-01
   5.7879008e-01
   5.5511268e-01
   5.3829681e-02
   2.3854156e-02
   4.5807266e-02
   4.5805570e-02
   4.7560797e-01
   3.9570055e-02
   1.6354867e-01
   1.9247957e-01
   5.7647643e-01
   3.5198914e-01
   5.3612160e-01
   5.6580481e-01
   5.4547311e-01
   4.5652261e-02
   2.3880158e-02
   4.4292044e-01
   4.5489090e-02
   4.5191307e-02
   4.2856063e-02
   4.5728544e-02
   5.7556478e-01
   5.7272176e-01
   2.1145904e-01
   3.0665049e-01
   4.5691710e-02
   2.8725882e-02
   4.4360158e-01
   7.1491130e-02
   4.6538064e-02
   4.5532210e-02
   4.7472908e-01
   3.9538601e-01
   5.3638831e-01
   3.3605135e-01
   5.2216860e-01
   4.5982687e-02
   8.9471807e-02
   1.9785761e-01
   2.5720833e-01
   4.7010218e-01
   4.5652261e-02
   1.6196792e-02
   2.8296431e-01
   2.9844217e-01
   1.0001908e-01
   5.5426445e-01
   3.0528128e-01
   1.0283379e-01
   3.8284043e-01
   2.2903736e-01
   5.7679573e-01
   5.7745769e-01
   2.3837637e-02
   4.5555476e-02
   5.7822696e-01
   5.6306796e-01
   2.2021953e-01
   5.7426012e-01
   3.5238847e-02
   5.7346884e-01
   4.9227417e-01
   3.9127598e-02
   3.1549571e-01
   4.5626987e-02
   5.5216966e-01
   4.5448529e-01
   2.6139891e-01
   5.0049846e-01
   1.9541513e-01
   5.7834348e-01
   5.7828585e-01
   4.4463284e-02
   3.3817871e-02
   4.6320320e-02
   5.6865297e-01
   1.6700668e-01
   2.0904493e-01
   5.7644471e-01
   3.4327710e-01
   4.5630617e-02
   1.8332376e-01
   4.5628284e-02
   4.5608259e-02
   2.8953799e-01
   2.3848924e-02
   5.2388809e-01
   2.3675206e-01
   2.6742153e-01
   5.7820760e-01
   1.9539271e-01
   2.0636369e-01
   7.4154978e-02
   5.1925694e-01
   2.6682616e-01
   2.5994407e-01
   4.5607969e-02
   2.3951718e-02
   5.7764041e-01
   4.5320004e-02
   4.5607729e-02
   5.4171786e-01
   3.2483475e-01
   4.5607729e-02
   5.7778906e-01
   2.5785179e-01
   1.2863214e-01
   3.5324796e-01
   3.8259622e-01
   1.2267616e-02
   3.5196872e-01
   2.3893992e-02
   2.3909405e-02
   5.4540265e-02
   5.7504588e-01
   2.1192823e-02
   5.7663546e-01
   3.9274373e-02
   2.7426730e-01
   4.6539365e-01
   5.7452051e-01
   1.9152078e-01
   5.3600164e-01
   5.1456623e-01
   3.6600754e-01
   1.3885452e-01
   5.7801719e-01
   5.0928800e-02
   1.7383679e-01
   4.5660462e-02
   2.3639875e-01
   4.2092345e-01
   3.4310966e-01
   1.7874519e-01
   4.9113750e-02
   5.7771783e-01
   4.3922089e-02
   3.7632797e-01
   4.5582134e-02
   4.5594568e-02
   5.7252216e-01
   5.7750584e-01
   5.7515571e-01
   5.5694014e-01
   4.9830704e-01
   5.6423094e-01
   5.7771783e-01
   5.7051499e-01
   3.3907623e-02
   4.0394721e-02
   4.5614756e-02
   1.6171842e-02
   7.6145771e-02
   3.5752773e-01
   3.0384969e-01
   4.5585824e-02
   1.4839023e-01
   2.2962234e-01
   4.4875658e-01
   3.8812489e-01
   2.3828530e-02
   3.0684158e-01
   5.3471884e-01
   4.9641366e-01
   3.2056446e-01
   5.7322797e-01
   4.5769069e-02
   4.5564841e-02
   5.6423289e-02
   4.5633864e-02
   4.4552847e-01
   5.2345968e-01
   5.7089185e-01
   4.5515316e-02
   3.1352275e-01
   5.5941493e-01
   1.0685286e-01
   3.1300397e-01
   5.5276197e-01
   4.5563704e-02
   4.6824590e-01
   4.4299955e-01
   3.2859688e-01
   1.0167433e-01
   9.6272603e-02
   3.3961458e-01
   3.7188066e-01
   1.6173488e-02
   4.5563705e-02
   4.5692993e-02
   1.1258572e-01
   5.7155062e-01
   4.5564577e-02
   3.5547484e-02
   4.5563684e-02
   4.6209560e-01
   1.4843381e-01
   4.2404592e-01
   4.5563973e-02
   2.7343028e-01
   1.1552351e-01
   2.5437521e-02
   2.1963144e-01
   4.7149318e-01
   5.7699401e-01
   4.0570846e-02
   2.7304696e-02
   1.8866822e-01
   4.5428198e-02
   4.9789999e-02
   4.3715355e-02
   2.0976132e-01
   5.2542388e-01
   1.3326488e-01
   5.5406062e-01
   8.2405466e-02
   5.6428383e-01
   4.2730083e-02
   4.5543553e-02
   4.5580970e-02
   6.6487761e-02
   3.8226841e-01
   4.5544253e-02
   5.7704530e-01
   4.5542090e-02
   4.5680374e-02
   5.6409674e-01
   4.8616207e-02
   9.2171691e-02
   2.3840636e-02
   4.2736471e-01
   5.7067902e-01
   4.0828407e-01
   8.5831986e-02
   1.1657300e-01
   1.7113311e-01
   4.5177027e-02
   1.8833765e-01
   4.6875456e-01
   3.1626456e-01
   2.8572663e-01
   2.7078528e-01
   5.7644057e-01
   5.5195081e-01
   2.7388816e-01
   4.3072767e-02
   2.3798346e-02
   5.3966661e-02
   5.7681304e-01
   4.0983223e-02
   4.5522616e-02
   2.4356073e-02
   5.6656061e-01
   2.6374376e-01
   4.5498764e-02
   4.5578975e-02
   5.7586554e-01
   4.5504596e-02
   5.6413763e-01
   4.5831411e-02
   4.2406768e-01
   5.4013452e-02
   3.6583701e-01
   5.7645400e-01
   5.7520996e-01
   5.3572204e-01
   4.5503582e-02
   3.6614677e-01
   5.6791870e-01
   1.4841204e-01
   1.1380074e-01
   1.5846061e-01
   2.5027880e-01
   1.3836119e-01
   3.7275499e-02
   2.5480476e-01
   4.5502439e-02
   4.4777792e-02
   4.2118621e-01
   1.6052540e-01
   3.7827956e-01
   4.6189817e-02
   2.8004773e-01
   2.6741163e-01
   5.7645063e-01
   2.7184168e-02
   4.5286795e-02
   5.1499511e-01
   5.4629088e-01
   3.2187315e-01
   2.4111628e-02
   4.5501673e-02
   4.5501675e-02
   4.8462479e-02
   4.1887034e-01
   1.5687443e-01
   1.8978685e-02
   1.8141696e-01
   2.3793885e-02
   2.4347256e-01
   1.7295895e-01
   8.6538921e-02
   2.4231168e-01
   1.2797386e-01
   1.4026168e-01
   4.5483509e-02
   2.0015829e-01
   4.5646922e-02
   1.1553106e-01
   5.6957262e-01
   2.6386241e-02
   2.3034287e-02
   4.8334888e-02
   9.0124624e-02
   5.6625535e-01
   2.4579073e-02
   5.6758787e-01
   5.7391276e-01
   3.9956972e-01
   6.3225269e-02
   2.6474882e-01
   1.8074201e-01
   3.6748396e-01
   5.6126307e-01
   1.9846636e-01
   5.9667618e-02
   4.6823783e-02
   4.5664293e-02
   4.0838418e-01
   5.7196371e-01
   2.7374583e-01
   5.6694455e-01
   4.9498077e-01
   5.4898852e-01
   5.7601083e-01
   2.2257441e-01
   4.5465897e-02
   2.4776897e-01
   5.7601083e-01
   2.5445953e-01
   2.3776888e-02
   5.9729755e-02
   4.7781068e-02
   1.0719573e-01
   4.5487992e-02
   1.5567221e-01
   4.6457710e-02
   1.6416708e-02
   5.7563693e-01
   1.2240086e-02
   5.5383056e-01
   4.5564350e-02
   6.4222236e-02
   5.3227912e-01
   4.1869214e-01
   9.1055134e-02
   4.0466421e-01
   5.7319334e-01
   4.5461778e-02
   2.8440382e-01
   2.3832767e-02
   5.7587140e-01
   2.3849213e-02
   2.9021820e-01
   3.5264360e-01
   3.6723418e-01
   5.7511539e-01
   5.6774697e-01
   4.1547157e-01
   2.9331325e-01
   2.6363827e-02
   5.6972075e-01
   9.5386339e-02
   2.2597820e-01
   2.7069195e-01
   1.6538448e-01
   6.0386821e-02
   3.4949735e-01
   5.5007673e-01
   3.0711270e-01
   4.6249187e-01
   4.2794350e-02
   9.5357611e-02
   5.6504924e-01
   9.3407963e-02
   5.6796734e-01
   4.5792790e-02
   4.4874273e-02
   4.4858954e-02
   1.1941342e-01
   2.3761636e-02
   3.4513062e-01
   2.9939368e-01
   7.8091347e-02
   5.0159842e-01
   5.7355764e-01
   4.9900271e-01
   5.4606156e-01
   4.6204381e-02
   2.3760455e-02
   4.2028532e-01
   4.1789823e-02
   4.2611821e-01
   4.6821188e-01
   2.4306271e-02
   5.6109569e-01
   5.2256940e-01
   4.5827331e-02
   1.6001798e-01
   5.0822170e-01
   6.2261101e-02
   2.1308755e-02
   3.0972501e-02
   7.7425748e-02
   5.5429795e-01
   3.6804012e-01
   1.0174067e-01
   4.5189671e-01
   4.3112910e-01
   2.3752979e-02
   4.6084975e-02
   1.8901006e-01
   4.0385843e-01
   5.7540404e-01
   5.2604247e-02
   4.5118082e-02
   4.9016978e-01
   1.6940582e-01
   4.2841360e-01
   8.0464955e-02
   2.7893007e-01
   1.1338978e-01
   4.0308731e-02
   2.4354805e-02
   5.1154891e-01
   1.5978519e-01
   2.8877420e-02
   1.6119718e-02
   4.0242995e-01
   5.6930829e-01
   2.9310574e-01
   5.2916241e-01
   3.4442441e-01
   5.5080066e-01
   4.5175729e-02
   1.0935801e-01
   1.4411531e-02
   5.3442620e-01
   2.2207764e-01
   9.8056203e-02
   4.8806611e-02
   2.7059660e-01
   4.5180430e-02
   4.5546759e-02
   3.2869337e-01
   3.0101868e-01
   2.8504838e-01
   9.4458027e-02
   4.1416220e-02
   1.8302796e-01
   4.4961193e-02
   5.0308494e-02
   4.9176772e-01
   5.2908448e-01
   5.6387264e-01
   4.5393833e-02
   5.6713358e-01
   4.8809480e-02
   3.1925579e-01
   5.5830169e-02
   4.8607032e-02
   3.4256034e-01
   1.4105320e-01
   5.4665801e-01
   2.3736094e-02
   1.6821320e-01
   4.0505301e-01
   4.5435695e-02
   6.8220048e-02
   9.2231944e-02
   4.3069804e-01
   5.0552387e-02
   5.5813103e-01
   4.5394744e-02
   2.7860478e-01
   4.5120266e-02
   5.7475195e-01
   4.7606255e-02
   4.4494964e-01
   4.5377366e-02
   1.5930613e-01
   5.5573786e-01
   4.5379775e-02
   2.3168281e-01
   4.5487421e-02
   8.9014241e-02
   4.6636727e-02
   8.7804363e-02
   1.6376450e-01
   3.0630390e-01
   5.5796898e-01
   5.7397964e-01
   4.0539148e-01
   4.8920651e-01
   4.5379673e-02
   4.5377283e-02
   2.0423723e-01
   2.3016674e-02
   4.5726964e-02
   3.5149427e-02
   1.7436787e-02
   2.0003110e-01
   7.2334578e-02
   4.7702694e-02
   4.5364187e-02
   2.0472224e-01
   2.3720689e-02
   4.3089620e-01
   4.5362899e-02
   2.9127937e-01
   5.6403143e-01
   2.7836683e-01
   4.5392139e-02
   5.2688887e-02
   5.7443829e-01
   2.6573101e-02
   2.3844808e-01
   2.3720790e-02
   4.0244714e-01
   4.5127767e-02
   3.5877496e-02
   4.5361508e-02
   4.5364891e-02
   4.7182354e-02
   5.0422314e-01
   2.7387662e-02
   4.3539422e-02
   3.1695494e-01
   4.9179686e-01
   1.6105023e-02
   5.7426772e-01
   5.1056091e-01
   1.0066714e-01
   5.0252481e-01
   4.1042137e-01
   4.3461048e-01
   2.4231352e-02
   3.2300093e-02
   4.7027609e-02
   2.8683257e-01
   3.4420358e-01
   2.6638061e-01
   3.5302491e-01
   4.6041281e-02
   4.2358235e-01
   2.4699583e-02
   5.2761162e-01
   4.5346424e-02
   2.5832700e-02
   4.5347746e-02
   2.4367694e-01
   2.2862996e-01
   8.9011098e-02
   4.6804893e-02
   4.5396400e-02
   1.5728858e-01
   5.0701441e-02
   4.3347043e-02
   3.4558822e-02
   4.5350507e-02
   5.7275634e-02
   4.5335025e-02
   3.1268500e-02
   4.5022974e-01
   8.0153202e-02
   3.9072326e-02
   2.0065240e-02
   4.0441667e-02
   2.4769822e-01
   4.1370448e-02
   1.7532783e-01
   1.0512461e-01
   4.3687104e-01
   4.3118482e-02
   1.9098097e-01
   2.7592487e-02
   3.5723990e-02
   9.2754510e-02
   4.5344870e-02
   3.1174909e-01
   5.6963644e-01
   3.8274195e-01
   2.3788978e-02
   4.4878801e-02
   3.7611794e-02
   3.9721638e-02
   1.9506928e-02
   4.4475613e-01
   3.6694646e-01
   2.9495905e-01
   5.3938447e-01
   1.1586269e-01
   5.4815212e-01
   4.5657184e-01
   2.7672074e-01
   1.8967065e-01
   5.5472457e-02
   4.6981010e-01
   4.7411319e-02
   3.6427343e-01
   8.3831293e-02
   1.8007677e-01
   1.6160658e-01
   5.1384274e-01
   3.6385292e-01
   5.6996480e-01
   4.3741253e-01
   4.5298935e-02
   4.5341952e-02
   2.0467490e-01
   4.5349502e-02
   3.1051704e-02
   5.5634677e-01
   3.0875501e-01
   4.5215054e-02
   4.5217861e-02
   5.5641518e-01
   2.2934120e-02
   4.9743288e-01
   4.5270281e-02
   5.6599299e-01
   5.7382952e-01
   2.3638252e-02
   6.0004152e-02
   1.6874279e-01
   4.0009372e-01
   2.4192421e-02
   4.5276013e-02
   5.2811225e-01
   5.5019591e-01
   4.5304035e-02
   4.0012979e-02
   4.1834432e-01
   4.5270373e-02
   5.4108204e-02
   4.3236487e-01
   5.1217222e-01
   2.6298049e-01
   4.7774441e-01
   2.3799180e-02
   4.9206824e-02
   4.5300752e-02
   4.5300237e-02
   1.0326554e-01
   4.4208085e-01
   1.1180063e-01
   4.9725883e-01
   2.7809762e-01
   4.2911262e-02
   2.8798304e-01
   4.8980116e-01
   2.9184643e-02
   5.3420576e-02
   5.6924918e-01
   5.5775120e-01
   1.6295631e-02
   1.6156551e-02
   5.3430099e-01
   2.5533124e-02
   2.3681727e-02
   4.9908510e-01
   1.3286530e-01
   4.9888111e-01
   4.1570052e-02
   4.5645729e-01
   4.5290780e-02
   1.5301265e-01
   3.2045031e-01
   4.5787151e-02
   1.2332139e-01
   4.5289585e-02
   4.4410553e-02
   1.6188610e-02
   2.4070686e-01
   3.6619919e-01
   5.5653862e-01
   5.5739235e-01
   5.7335996e-01
   2.9082402e-01
   2.6173494e-02
   4.5147947e-02
   1.0237714e-01
   2.7873335e-02
   1.7136195e-01
   3.3583491e-01
   4.6106113e-02
   3.8266637e-01
   5.6717084e-01
   4.5269714e-02
   4.8296664e-01
   1.7590120e-01
   1.2950274e-01
   4.8455181e-02
   2.3830350e-02
   5.7022283e-01
   5.6060467e-01
   2.0949965e-01
   3.8885706e-01
   5.7000402e-01
   4.7676815e-02
   4.8575195e-01
   2.2684703e-01
   5.7285883e-01
   1.0560690e-01
   5.0942654e-02
   5.7321407e-01
   5.2737696e-01
   5.5517736e-01
   2.6770912e-02
   3.8393071e-01
   1.8265396e-02
   4.5267651e-02
   5.0810090e-01
   2.5573281e-02
   2.2992990e-01
   4.9204728e-01
   3.6043233e-01
   4.2257435e-01
   5.6953530e-01
   4.9276281e-01
   4.5427568e-02
   3.7783833e-01
   2.4332394e-02
   4.5242829e-02
   7.4771232e-02
   5.5979801e-02
   3.9295199e-02
   4.4111991e-01
   4.8948606e-02
   5.6341373e-02
   2.0677112e-02
   2.3655801e-02
   3.2640837e-01
   5.8429113e-02
   4.3071286e-02
   2.3668143e-02
   4.3834114e-02
   3.3032011e-01
   1.2889633e-01
   3.4321803e-01
   5.6439301e-01
   5.1846557e-01
   3.8790888e-02
   1.9387353e-01
   3.0735909e-02
   5.7292288e-01
   6.6910006e-02
   4.5242414e-02
   1.5461589e-01
   7.4164084e-02
   5.6910040e-01
   1.9188819e-01
   2.6781464e-01
   3.5228567e-02
   5.7131536e-01
   2.9190025e-01
   4.2136819e-01
   4.5200883e-02
   4.5269470e-02
   5.7265364e-01
   2.7705210e-01
   2.1284609e-01
   5.7274216e-01
   4.1074392e-02
   2.3801414e-01
   3.4891935e-01
   8.7648178e-02
   4.5259130e-02
   7.6520026e-02
   6.7491827e-02
   4.5240792e-02
   2.3655702e-02
   2.5744306e-02
   4.7262532e-02
   4.5535056e-02
   5.4102183e-01
   2.3650159e-02
   4.5216960e-02
   4.8741220e-01
   2.3685197e-02
   2.3543258e-02
   4.6784390e-02
   5.5944038e-01
   3.3808614e-01
   2.8379386e-01
   4.4533323e-01
   4.5454412e-02
   5.6064944e-01
   4.4549505e-02
   5.7069857e-01
   4.1815412e-02
   3.0907162e-02
   3.6312991e-01
   1.1720949e-01
   4.1700984e-02
   1.9653320e-02
   2.3643473e-02
   4.5202911e-02
   4.5238316e-02
   3.0283898e-01
   5.7470222e-02
   5.7936145e-02
   4.5204740e-02
   1.9386581e-02
   5.3295716e-01
   4.5217431e-02
   3.6304856e-02
   1.5971860e-01
   3.4163314e-02
   4.1131375e-01
   4.4365002e-02
   2.3691430e-02
   9.2404998e-02
   1.8168336e-01
   8.0832139e-02
   3.0649304e-01
   4.5193179e-02
   1.7593644e-01
   7.5553191e-02
   5.6765833e-01
   5.6721677e-01
   3.6570699e-01
   5.0895119e-02
   4.5193681e-02
   1.3928361e-01
   2.1236639e-01
   1.6454425e-01
   4.4754587e-02
   4.5370710e-02
   1.5690291e-01
   4.6490346e-02
   5.7204731e-01
   4.7609174e-01
   2.3632658e-02
   5.1500530e-01
   5.6968106e-01
   1.6050277e-02
   5.7197437e-01
   2.4306455e-01
   2.4291040e-01
   4.1176341e-02
   4.5170484e-02
   4.4018418e-02
   2.3537935e-02
   2.9806909e-01
   3.7036229e-01
   5.2837747e-01
   4.5447318e-02
   8.1806710e-02
   4.7925813e-01
   4.5138193e-02
   4.0064713e-01
   2.4540645e-01
   1.7578857e-01
   5.1123836e-01
   8.5918991e-02
   2.5785923e-02
   5.4074971e-01
   3.7406738e-01
   4.4553084e-02
   2.6979492e-01
   3.1112255e-01
   3.6174330e-01
   5.0549133e-02
   2.0150728e-02
   5.2301261e-01
   2.9477327e-02
   5.7094363e-01
   5.2413125e-01
   4.4410287e-02
   3.9111831e-02
   4.3667433e-01
   3.0353535e-02
   2.2698108e-02
   4.5211931e-02
   3.9930511e-02
   4.3948092e-02
   5.6955832e-02
   2.3614695e-02
   3.4483123e-01
   1.4442160e-01
   7.1522991e-02
   1.7313269e-01
   4.5362336e-02
   1.3282238e-01
   1.6035133e-02
   1.0838303e-01
   2.9358046e-01
   4.3592159e-02
   1.6638456e-01
   4.4513404e-02
   2.4358662e-02
   2.6211652e-01
   5.6353594e-01
   7.7628471e-02
   4.5123357e-02
   4.6709927e-01
   1.5126795e-01
   2.3782869e-01
   5.0961449e-02
   3.0522779e-02
   4.4214707e-02
   2.2861442e-01
   4.4481090e-02
   4.6242879e-02
   3.9785734e-01
   1.4960160e-01
   4.5631374e-02
   4.4695966e-02
   5.4142807e-01
   8.8378421e-02
   4.2164798e-02
   3.7536435e-01
   1.0008869e-01
   1.6944856e-01
   3.0636087e-01
   2.4315949e-02
   2.2848455e-02
   4.7380294e-02
   1.4305887e-01
   2.3636215e-02
   5.2566718e-01
   3.5833029e-01
   4.5067941e-02
   8.8313702e-02
   3.1435739e-02
   4.1974194e-01
   5.1300098e-01
   2.3502347e-01
   5.4456131e-01
   5.3321750e-02
   3.7705743e-01
   7.7695800e-02
   5.5148722e-02
   5.5623479e-01
   1.6080130e-02
   4.5081106e-02
   1.4781564e-01
   2.4016215e-02
   2.3569048e-02
   3.3326861e-01
   4.5045194e-02
   2.3654194e-01
   2.3575938e-02
   6.7855228e-02
   8.1867925e-02
   4.5072170e-02
   2.3578387e-02
   4.6348109e-02
   7.2606256e-02
   1.6126604e-02
   2.2338581e-02
   2.3576948e-02
   4.5059419e-02
   2.4003534e-02
   2.6515464e-02
   6.6422034e-02
   3.5295230e-01
   2.3567948e-02
   2.4296123e-02
   4.6594913e-02
   1.5858166e-02
   1.7567776e-02
   7.1636618e-02
   4.5044913e-02
   5.8124535e-02
   3.8767526e-02
   8.0852535e-02
   4.5043498e-02
   2.2903981e-01
   2.9576982e-01
   4.4761880e-02
   1.8088777e-02
   2.3561487e-02
   4.5025538e-02
   7.3900851e-02
   3.4739951e-01
   2.2652525e-01
   9.8436888e-02
   1.0353019e-01
   2.5592232e-01
