80 
0.58931
0.58927
0.58921
0.58911
0.58897
0.58879
0.58858
0.58833
0.58803
0.58772
0.5874
0.58708
0.58675
0.58643
0.58609
0.58574
0.58539
0.58505
0.5847
0.58435
0.58399
0.58364
0.5833
0.58297
0.58265
0.58232
0.58199
0.58167
0.58136
0.58105
0.58074
0.58045
0.58015
0.57986
0.57956
0.57927
0.579
0.57873
0.57849
0.57824
0.578
0.57775
0.57751
0.57727
0.57704
0.57683
0.57663
0.57644
0.57628
0.57612
0.57595
0.57579
0.57564
0.57547
0.57528
0.57511
0.57493
0.57475
0.57457
0.57442
0.57427
0.57411
0.57394
0.57375
0.57358
0.57342
0.57327
0.57312
0.57298
0.57282
0.57266
0.57251
0.5724
0.57232
0.57226
0.5722
0.5722
0.5722
0.57223
0.57226
