80 
0.00014301
0.00014325
0.00014373
0.00014446
0.00014545
0.00014671
0.00014825
0.00015008
0.00015221
0.00015439
0.00015659
0.00015878
0.00016093
0.00016303
0.00016515
0.00016726
0.00016941
0.00017154
0.00017365
0.00017577
0.00017787
0.00017981
0.00018168
0.00018352
0.00018536
0.00018724
0.00018908
0.00019091
0.00019272
0.00019453
0.00019621
0.00019789
0.00019956
0.00020117
0.00020273
0.00020416
0.00020555
0.00020698
0.00020844
0.00020988
0.00021132
0.00021272
0.00021415
0.00021559
0.000217
0.00021831
0.0002195
0.00022069
0.0002218
0.00022296
0.00022397
0.00022501
0.00022601
0.00022701
0.00022808
0.00022913
0.00023017
0.00023116
0.00023201
0.00023281
0.00023355
0.00023436
0.00023513
0.00023597
0.00023676
0.00023742
0.00023808
0.00023868
0.00023929
0.00023995
0.00024062
0.00024121
0.00024172
0.00024209
0.00024229
0.00024244
0.00024242
0.00024252
0.00024243
0.0002424
