   5.8759138e-01   1.4300843e-04   1.4300843e-04   1.4300843e-04   1.4300843e-04
   5.8759139e-01   1.4300843e-04   1.4300843e-04   1.4300843e-04   1.4300843e-04
   5.8759138e-01   1.4300843e-04   1.4300843e-04   1.4300843e-04   1.4300843e-04
   5.8759139e-01   1.4300843e-04   1.4300843e-04   1.4300843e-04   1.4300843e-04
   5.8759139e-01   1.4300843e-04   1.4300843e-04   1.4300843e-04   1.4300843e-04
   5.8759138e-01   1.4300843e-04   1.4300843e-04   1.4300843e-04   1.4300843e-04
   5.8758205e-01   1.4300843e-04   1.4300843e-04   1.4300843e-04   1.4300843e-04
   5.8759138e-01   1.4300843e-04   1.4300843e-04   1.4300843e-04   1.4300843e-04
   5.8759138e-01   1.4300843e-04   1.4300843e-04   1.4300843e-04   1.4300843e-04
   5.8759130e-01   1.4300843e-04   1.4300843e-04   1.4300843e-04   1.4300843e-04
   5.8759139e-01   1.4300843e-04   1.4300843e-04   1.4300843e-04   1.4300843e-04
   5.8759117e-01   1.4300843e-04   1.4300843e-04   1.4300843e-04   1.4300843e-04
   5.8758843e-01   1.4300843e-04   1.4300843e-04   1.4300843e-04   1.4300843e-04
   5.8759128e-01   1.4300843e-04   1.4300843e-04   1.4300843e-04   1.4300843e-04
   5.8759139e-01   1.4300843e-04   1.4300843e-04   1.4300843e-04   1.4300843e-04
   5.8759138e-01   1.4300843e-04   1.4300843e-04   1.4300843e-04   1.4300843e-04
   5.8464053e-01   1.4300843e-04   1.4300843e-04   1.4300843e-04   1.4300843e-04
   5.8759138e-01   1.4300843e-04   1.4300843e-04   1.4300843e-04   1.4300843e-04
   5.8759139e-01   1.4300843e-04   1.4300843e-04   1.4300843e-04   1.4300843e-04
   5.8756509e-01   1.4300843e-04   1.4300843e-04   1.4300843e-04   1.4300843e-04
   5.8739304e-01   1.4300843e-04   1.4300843e-04   1.4300843e-04   1.4300843e-04
   5.8755526e-01   1.4300843e-04   1.4300843e-04   1.4300843e-04   1.4300843e-04
   5.8759135e-01   1.4300843e-04   1.4300843e-04   1.4300843e-04   1.4300843e-04
   5.8759139e-01   1.4300843e-04   1.4300843e-04   1.4300843e-04   1.4300843e-04
   5.8759138e-01   1.4300843e-04   1.4300843e-04   1.4300843e-04   1.4300843e-04
   5.8759137e-01   1.4300843e-04   1.4300843e-04   1.4300843e-04   1.4300843e-04
   5.8759129e-01   1.4300843e-04   1.4300843e-04   1.4300843e-04   1.4300843e-04
   5.8759110e-01   1.4300843e-04   1.4300843e-04   1.4300843e-04   1.4300843e-04
   5.8759139e-01   1.4300843e-04   1.4300843e-04   1.4300843e-04   1.4300843e-04
   5.8759138e-01   1.4300843e-04   1.4300843e-04   1.4300843e-04   1.4300843e-04
   5.8759137e-01   1.4300843e-04   1.4300843e-04   1.4300843e-04   1.4300843e-04
   5.8759125e-01   1.4300843e-04   1.4300843e-04   1.4300843e-04   1.4300843e-04
   5.8757768e-01   1.4300843e-04   1.4300843e-04   1.4300843e-04   1.4300843e-04
   5.8759130e-01   1.4300843e-04   1.4300843e-04   1.4300843e-04   1.4300843e-04
   5.8757489e-01   1.4300843e-04   1.4300843e-04   1.4300843e-04   1.4300843e-04
   5.8759122e-01   1.4300843e-04   1.4300843e-04   1.4300843e-04   1.4300843e-04
   5.8759135e-01   1.4300843e-04   1.4300843e-04   1.4300843e-04   1.4300843e-04
   5.8759136e-01   1.4300843e-04   1.4300843e-04   1.4300843e-04   1.4300843e-04
   5.8697752e-01   1.4300843e-04   1.4300843e-04   1.4300843e-04   1.4300843e-04
   5.8759138e-01   1.4300843e-04   1.4300843e-04   1.4300843e-04   1.4300843e-04
   5.8451722e-01   1.4300843e-04   1.4300843e-04   1.4300843e-04   1.4300843e-04
   5.8759137e-01   1.4300843e-04   1.4300843e-04   1.4300843e-04   1.4300843e-04
   5.8759135e-01   1.4300843e-04   1.4300843e-04   1.4300843e-04   1.4300843e-04
   5.8759139e-01   1.4300843e-04   1.4300843e-04   1.4300843e-04   1.4300843e-04
   5.8759139e-01   1.4300843e-04   1.4300843e-04   1.4300843e-04   1.4300843e-04
   5.8759139e-01   1.4300843e-04   1.4300843e-04   1.4300843e-04   1.4300843e-04
   5.8759139e-01   1.4300843e-04   1.4300843e-04   1.4300843e-04   1.4300843e-04
   5.8759131e-01   1.4300843e-04   1.4300843e-04   1.4300843e-04   1.4300843e-04
   5.8759139e-01   1.4300843e-04   1.4300843e-04   1.4300843e-04   1.4300843e-04
   5.8759135e-01   1.4300843e-04   1.4300843e-04   1.4300843e-04   1.4300843e-04
   5.8759137e-01   1.4300843e-04   1.4300843e-04   1.4300843e-04   1.4300843e-04
   5.8757367e-01   1.4300843e-04   1.4300843e-04   1.4300843e-04   1.4300843e-04
   5.8759139e-01   1.4300843e-04   1.4300843e-04   1.4300843e-04   1.4300843e-04
   5.8759138e-01   1.4300843e-04   1.4300843e-04   1.4300843e-04   1.4300843e-04
   5.8759139e-01   1.4300843e-04   1.4300843e-04   1.4300843e-04   1.4300843e-04
   5.8759135e-01   1.4300843e-04   1.4300843e-04   1.4300843e-04   1.4300843e-04
   5.8759093e-01   1.4300843e-04   1.4300843e-04   1.4300843e-04   1.4300843e-04
   5.8759129e-01   1.4300843e-04   1.4300843e-04   1.4300843e-04   1.4300843e-04
   5.8759137e-01   1.4300843e-04   1.4300843e-04   1.4300843e-04   1.4300843e-04
   5.8759138e-01   1.4300843e-04   1.4300843e-04   1.4300843e-04   1.4300843e-04
   5.8759138e-01   1.4300843e-04   1.4300843e-04   1.4300843e-04   1.4300843e-04
   5.8759138e-01   1.4300843e-04   1.4300843e-04   1.4300843e-04   1.4300843e-04
   5.8759137e-01   1.4300843e-04   1.4300843e-04   1.4300843e-04   1.4300843e-04
   5.8759138e-01   1.4300843e-04   1.4300843e-04   1.4300843e-04   1.4300843e-04
   5.8759055e-01   1.4300843e-04   1.4300843e-04   1.4300843e-04   1.4300843e-04
   5.8759130e-01   1.4300843e-04   1.4300843e-04   1.4300843e-04   1.4300843e-04
   5.8759139e-01   1.4300843e-04   1.4300843e-04   1.4300843e-04   1.4300843e-04
   5.8759138e-01   1.4300843e-04   1.4300843e-04   1.4300843e-04   1.4300843e-04
   5.8759127e-01   1.4300843e-04   1.4300843e-04   1.4300843e-04   1.4300843e-04
   5.8759130e-01   1.4300843e-04   1.4300843e-04   1.4300843e-04   1.4300843e-04
   5.8758932e-01   1.4300843e-04   1.4300843e-04   1.4300843e-04   1.4300843e-04
   5.8759134e-01   1.4300843e-04   1.4300843e-04   1.4300843e-04   1.4300843e-04
   5.8759138e-01   1.4300843e-04   1.4300843e-04   1.4300843e-04   1.4300843e-04
   5.8759138e-01   1.4300843e-04   1.4300843e-04   1.4300843e-04   1.4300843e-04
   5.8759099e-01   1.4300843e-04   1.4300843e-04   1.4300843e-04   1.4300843e-04
   5.8759138e-01   1.4300843e-04   1.4300843e-04   1.4300843e-04   1.4300843e-04
   5.8759138e-01   1.4300843e-04   1.4300843e-04   1.4300843e-04   1.4300843e-04
   5.8759139e-01   1.4300843e-04   1.4300843e-04   1.4300843e-04   1.4300843e-04
   5.8759139e-01   1.4300843e-04   1.4300843e-04   1.4300843e-04   1.4300843e-04
   5.8759139e-01   1.4300843e-04   1.4300843e-04   1.4300843e-04   1.4300843e-04
   5.8759139e-01   1.4300843e-04   1.4300843e-04   1.4300843e-04   1.4300843e-04
   5.8758956e-01   1.4300843e-04   1.4300843e-04   1.4300843e-04   1.4300843e-04
   5.8759000e-01   1.4300843e-04   1.4300843e-04   1.4300843e-04   1.4300843e-04
   5.8759139e-01   1.4300843e-04   1.4300843e-04   1.4300843e-04   1.4300843e-04
   5.8759139e-01   1.4300843e-04   1.4300843e-04   1.4300843e-04   1.4300843e-04
   5.8759138e-01   1.4300843e-04   1.4300843e-04   1.4300843e-04   1.4300843e-04
   5.8759137e-01   1.4300843e-04   1.4300843e-04   1.4300843e-04   1.4300843e-04
   5.8759135e-01   1.4300843e-04   1.4300843e-04   1.4300843e-04   1.4300843e-04
   5.8759131e-01   1.4300843e-04   1.4300843e-04   1.4300843e-04   1.4300843e-04
   5.8759139e-01   1.4300843e-04   1.4300843e-04   1.4300843e-04   1.4300843e-04
   5.8759130e-01   1.4300843e-04   1.4300843e-04   1.4300843e-04   1.4300843e-04
   5.8759097e-01   1.4300843e-04   1.4300843e-04   1.4300843e-04   1.4300843e-04
   5.8759139e-01   1.4300843e-04   1.4300843e-04   1.4300843e-04   1.4300843e-04
   5.8759135e-01   1.4300843e-04   1.4300843e-04   1.4300843e-04   1.4300843e-04
   5.8759138e-01   1.4300843e-04   1.4300843e-04   1.4300843e-04   1.4300843e-04
   5.8759137e-01   1.4300843e-04   1.4300843e-04   1.4300843e-04   1.4300843e-04
   5.8759138e-01   1.4300843e-04   1.4300843e-04   1.4300843e-04   1.4300843e-04
   5.8759138e-01   1.4300843e-04   1.4300843e-04   1.4300843e-04   1.4300843e-04
   5.8759135e-01   1.4300843e-04   1.4300843e-04   1.4300843e-04   1.4300843e-04
   5.8759139e-01   1.4300843e-04   1.4300843e-04   1.4300843e-04   1.4300843e-04
   5.8759135e-01   1.4300843e-04   1.4300843e-04   1.4300843e-04   1.4300843e-04
   5.8759137e-01   1.4300843e-04   1.4300843e-04   1.4300843e-04   1.4300843e-04
   5.8759139e-01   1.4300843e-04   1.4300843e-04   1.4300843e-04   1.4300843e-04
   5.8759133e-01   1.4300843e-04   1.4300843e-04   1.4300843e-04   1.4300843e-04
   5.8759127e-01   1.4300843e-04   1.4300843e-04   1.4300843e-04   1.4300843e-04
   5.8759115e-01   1.4300843e-04   1.4300843e-04   1.4300843e-04   1.4300843e-04
   5.8759139e-01   1.4300843e-04   1.4300843e-04   1.4300843e-04   1.4300843e-04
   5.8759129e-01   1.4300843e-04   1.4300843e-04   1.4300843e-04   1.4300843e-04
   5.8759133e-01   1.4300843e-04   1.4300843e-04   1.4300843e-04   1.4300843e-04
   5.8759139e-01   1.4300843e-04   1.4300843e-04   1.4300843e-04   1.4300843e-04
   5.8759139e-01   1.4300843e-04   1.4300843e-04   1.4300843e-04   1.4300843e-04
   5.8759129e-01   1.4300843e-04   1.4300843e-04   1.4300843e-04   1.4300843e-04
   5.8759139e-01   1.4300843e-04   1.4300843e-04   1.4300843e-04   1.4300843e-04
   5.8759138e-01   1.4300843e-04   1.4300843e-04   1.4300843e-04   1.4300843e-04
   5.8759139e-01   1.4300843e-04   1.4300843e-04   1.4300843e-04   1.4300843e-04
   5.8759138e-01   1.4300843e-04   1.4300843e-04   1.4300843e-04   1.4300843e-04
   5.8759136e-01   1.4300843e-04   1.4300843e-04   1.4300843e-04   1.4300843e-04
   5.8759131e-01   1.4300843e-04   1.4300843e-04   1.4300843e-04   1.4300843e-04
   5.8759139e-01   1.4300843e-04   1.4300843e-04   1.4300843e-04   1.4300843e-04
   5.8759136e-01   1.4300843e-04   1.4300843e-04   1.4300843e-04   1.4300843e-04
   5.8759131e-01   1.4300843e-04   1.4300843e-04   1.4300843e-04   1.4300843e-04
   5.8759118e-01   1.4300843e-04   1.4300843e-04   1.4300843e-04   1.4300843e-04
   5.8759139e-01   1.4300843e-04   1.4300843e-04   1.4300843e-04   1.4300843e-04
   5.8759136e-01   1.4300843e-04   1.4300843e-04   1.4300843e-04   1.4300843e-04
   5.8759139e-01   1.4300843e-04   1.4300843e-04   1.4300843e-04   1.4300843e-04
   5.8759139e-01   1.4300843e-04   1.4300843e-04   1.4300843e-04   1.4300843e-04
   5.8759133e-01   1.4300843e-04   1.4300843e-04   1.4300843e-04   1.4300843e-04
   5.8759133e-01   1.4300843e-04   1.4300843e-04   1.4300843e-04   1.4300843e-04
   5.8759139e-01   1.4300843e-04   1.4300843e-04   1.4300843e-04   1.4300843e-04
   5.8759116e-01   1.4300843e-04   1.4300843e-04   1.4300843e-04   1.4300843e-04
   5.8759121e-01   1.4300843e-04   1.4300843e-04   1.4300843e-04   1.4300843e-04
   5.8759139e-01   1.4300843e-04   1.4300843e-04   1.4300843e-04   1.4300843e-04
   5.8759126e-01   1.4300843e-04   1.4300843e-04   1.4300843e-04   1.4300843e-04
   5.8759138e-01   1.4300843e-04   1.4300843e-04   1.4300843e-04   1.4300843e-04
   5.8758641e-01   1.4300843e-04   1.4300843e-04   1.4300843e-04   1.4300843e-04
   5.8759135e-01   1.4300843e-04   1.4300843e-04   1.4300843e-04   1.4300843e-04
   5.8759139e-01   1.4300843e-04   1.4300843e-04   1.4300843e-04   1.4300843e-04
   5.8759139e-01   1.4300843e-04   1.4300843e-04   1.4300843e-04   1.4300843e-04
   5.8759139e-01   1.4300843e-04   1.4300843e-04   1.4300843e-04   1.4300843e-04
   5.8759127e-01   1.4300843e-04   1.4300843e-04   1.4300843e-04   1.4300843e-04
   5.8759137e-01   1.4300843e-04   1.4300843e-04   1.4300843e-04   1.4300843e-04
   5.8759138e-01   1.4300843e-04   1.4300843e-04   1.4300843e-04   1.4300843e-04
   5.8759138e-01   1.4300843e-04   1.4300843e-04   1.4300843e-04   1.4300843e-04
   5.8759094e-01   1.4300843e-04   1.4300843e-04   1.4300843e-04   1.4300843e-04
   5.8759139e-01   1.4300843e-04   1.4300843e-04   1.4300843e-04   1.4300843e-04
   5.8759135e-01   1.4300843e-04   1.4300843e-04   1.4300843e-04   1.4300843e-04
   5.8759126e-01   1.4300843e-04   1.4300843e-04   1.4300843e-04   1.4300843e-04
   5.8759138e-01   1.4300843e-04   1.4300843e-04   1.4300843e-04   1.4300843e-04
   5.8759139e-01   1.4300843e-04   1.4300843e-04   1.4300843e-04   1.4300843e-04
   5.8759139e-01   1.4300843e-04   1.4300843e-04   1.4300843e-04   1.4300843e-04
   5.8759139e-01   1.4300843e-04   1.4300843e-04   1.4300843e-04   1.4300843e-04
   5.8759114e-01   1.4300843e-04   1.4300843e-04   1.4300843e-04   1.4300843e-04
   5.8759138e-01   1.4300843e-04   1.4300843e-04   1.4300843e-04   1.4300843e-04
   5.8758894e-01   1.4300843e-04   1.4300843e-04   1.4300843e-04   1.4300843e-04
   5.8759139e-01   1.4300843e-04   1.4300843e-04   1.4300843e-04   1.4300843e-04
   5.8757799e-01   1.4300843e-04   1.4300843e-04   1.4300843e-04   1.4300843e-04
   5.8759135e-01   1.4300843e-04   1.4300843e-04   1.4300843e-04   1.4300843e-04
   5.8758947e-01   1.4300843e-04   1.4300843e-04   1.4300843e-04   1.4300843e-04
   5.8759132e-01   1.4300843e-04   1.4300843e-04   1.4300843e-04   1.4300843e-04
   5.8759136e-01   1.4300843e-04   1.4300843e-04   1.4300843e-04   1.4300843e-04
   5.8759136e-01   1.4300843e-04   1.4300843e-04   1.4300843e-04   1.4300843e-04
   5.8759139e-01   1.4300843e-04   1.4300843e-04   1.4300843e-04   1.4300843e-04
   5.8759138e-01   1.4300843e-04   1.4300843e-04   1.4300843e-04   1.4300843e-04
   5.8759137e-01   1.4300843e-04   1.4300843e-04   1.4300843e-04   1.4300843e-04
   5.8759100e-01   1.4300843e-04   1.4300843e-04   1.4300843e-04   1.4300843e-04
   5.8759139e-01   1.4300843e-04   1.4300843e-04   1.4300843e-04   1.4300843e-04
   5.8759102e-01   1.4300843e-04   1.4300843e-04   1.4300843e-04   1.4300843e-04
   5.8759136e-01   1.4300843e-04   1.4300843e-04   1.4300843e-04   1.4300843e-04
   5.8758746e-01   1.4300843e-04   1.4300843e-04   1.4300843e-04   1.4300843e-04
   5.8759139e-01   1.4300843e-04   1.4300843e-04   1.4300843e-04   1.4300843e-04
   5.8759138e-01   1.4300843e-04   1.4300843e-04   1.4300843e-04   1.4300843e-04
   5.8759139e-01   1.4300843e-04   1.4300843e-04   1.4300843e-04   1.4300843e-04
   5.8759139e-01   1.4300843e-04   1.4300843e-04   1.4300843e-04   1.4300843e-04
   5.8759138e-01   1.4300843e-04   1.4300843e-04   1.4300843e-04   1.4300843e-04
   5.8758265e-01   1.4300843e-04   1.4300843e-04   1.4300843e-04   1.4300843e-04
   5.8759139e-01   1.4300843e-04   1.4300843e-04   1.4300843e-04   1.4300843e-04
   5.8759139e-01   1.4300843e-04   1.4300843e-04   1.4300843e-04   1.4300843e-04
   5.8759115e-01   1.4300843e-04   1.4300843e-04   1.4300843e-04   1.4300843e-04
   5.8758574e-01   1.4300843e-04   1.4300843e-04   1.4300843e-04   1.4300843e-04
   5.8759115e-01   1.4300843e-04   1.4300843e-04   1.4300843e-04   1.4300843e-04
   5.8759111e-01   1.4300843e-04   1.4300843e-04   1.4300843e-04   1.4300843e-04
   5.8758920e-01   1.4300843e-04   1.4300843e-04   1.4300843e-04   1.4300843e-04
   5.8759134e-01   1.4300843e-04   1.4300843e-04   1.4300843e-04   1.4300843e-04
   5.8759137e-01   1.4300843e-04   1.4300843e-04   1.4300843e-04   1.4300843e-04
   5.8759132e-01   1.4300843e-04   1.4300843e-04   1.4300843e-04   1.4300843e-04
   5.8759130e-01   1.4300843e-04   1.4300843e-04   1.4300843e-04   1.4300843e-04
   5.8759139e-01   1.4300843e-04   1.4300843e-04   1.4300843e-04   1.4300843e-04
   5.8759138e-01   1.4300843e-04   1.4300843e-04   1.4300843e-04   1.4300843e-04
   5.8759119e-01   1.4300843e-04   1.4300843e-04   1.4300843e-04   1.4300843e-04
   5.8759137e-01   1.4300843e-04   1.4300843e-04   1.4300843e-04   1.4300843e-04
   5.8759138e-01   1.4300843e-04   1.4300843e-04   1.4300843e-04   1.4300843e-04
   5.8759139e-01   1.4300843e-04   1.4300843e-04   1.4300843e-04   1.4300843e-04
   5.8759139e-01   1.4300843e-04   1.4300843e-04   1.4300843e-04   1.4300843e-04
   5.8759106e-01   1.4300843e-04   1.4300843e-04   1.4300843e-04   1.4300843e-04
   5.8759138e-01   1.4300843e-04   1.4300843e-04   1.4300843e-04   1.4300843e-04
   5.8758006e-01   1.4300843e-04   1.4300843e-04   1.4300843e-04   1.4300843e-04
   5.8759139e-01   1.4300843e-04   1.4300843e-04   1.4300843e-04   1.4300843e-04
   5.8759138e-01   1.4300843e-04   1.4300843e-04   1.4300843e-04   1.4300843e-04
   5.8759139e-01   1.4300843e-04   1.4300843e-04   1.4300843e-04   1.4300843e-04
   5.8759139e-01   1.4300843e-04   1.4300843e-04   1.4300843e-04   1.4300843e-04
   5.8759123e-01   1.4300843e-04   1.4300843e-04   1.4300843e-04   1.4300843e-04
   5.8759138e-01   1.4300843e-04   1.4300843e-04   1.4300843e-04   1.4300843e-04
   5.8759139e-01   1.4300843e-04   1.4300843e-04   1.4300843e-04   1.4300843e-04
   5.8759139e-01   1.4300843e-04   1.4300843e-04   1.4300843e-04   1.4300843e-04
   5.8759131e-01   1.4300843e-04   1.4300843e-04   1.4300843e-04   1.4300843e-04
   5.8759138e-01   1.4300843e-04   1.4300843e-04   1.4300843e-04   1.4300843e-04
   5.8759136e-01   1.4300843e-04   1.4300843e-04   1.4300843e-04   1.4300843e-04
   5.8759137e-01   1.4300843e-04   1.4300843e-04   1.4300843e-04   1.4300843e-04
   5.8759138e-01   1.4300843e-04   1.4300843e-04   1.4300843e-04   1.4300843e-04
   5.8759139e-01   1.4300843e-04   1.4300843e-04   1.4300843e-04   1.4300843e-04
   5.8759138e-01   1.4300843e-04   1.4300843e-04   1.4300843e-04   1.4300843e-04
   5.8759138e-01   1.4300843e-04   1.4300843e-04   1.4300843e-04   1.4300843e-04
   5.8759138e-01   1.4300843e-04   1.4300843e-04   1.4300843e-04   1.4300843e-04
   5.8759127e-01   1.4300843e-04   1.4300843e-04   1.4300843e-04   1.4300843e-04
   5.8759082e-01   1.4300843e-04   1.4300843e-04   1.4300843e-04   1.4300843e-04
   5.8759139e-01   1.4300843e-04   1.4300843e-04   1.4300843e-04   1.4300843e-04
   5.8759135e-01   1.4300843e-04   1.4300843e-04   1.4300843e-04   1.4300843e-04
   5.8759122e-01   1.4300843e-04   1.4300843e-04   1.4300843e-04   1.4300843e-04
   5.8759113e-01   1.4300843e-04   1.4300843e-04   1.4300843e-04   1.4300843e-04
   5.8758660e-01   1.4300843e-04   1.4300843e-04   1.4300843e-04   1.4300843e-04
   5.8759139e-01   1.4300843e-04   1.4300843e-04   1.4300843e-04   1.4300843e-04
   5.8759138e-01   1.4300843e-04   1.4300843e-04   1.4300843e-04   1.4300843e-04
   5.8759139e-01   1.4300843e-04   1.4300843e-04   1.4300843e-04   1.4300843e-04
   5.8759107e-01   1.4300843e-04   1.4300843e-04   1.4300843e-04   1.4300843e-04
   5.8759137e-01   1.4300843e-04   1.4300843e-04   1.4300843e-04   1.4300843e-04
   5.8759138e-01   1.4300843e-04   1.4300843e-04   1.4300843e-04   1.4300843e-04
   5.8759139e-01   1.4300843e-04   1.4300843e-04   1.4300843e-04   1.4300843e-04
   5.8759133e-01   1.4300843e-04   1.4300843e-04   1.4300843e-04   1.4300843e-04
   5.8759139e-01   1.4300843e-04   1.4300843e-04   1.4300843e-04   1.4300843e-04
   5.8759139e-01   1.4300843e-04   1.4300843e-04   1.4300843e-04   1.4300843e-04
   5.8759139e-01   1.4300843e-04   1.4300843e-04   1.4300843e-04   1.4300843e-04
   5.8759029e-01   1.4300843e-04   1.4300843e-04   1.4300843e-04   1.4300843e-04
   5.8759133e-01   1.4300843e-04   1.4300843e-04   1.4300843e-04   1.4300843e-04
   5.8759134e-01   1.4300843e-04   1.4300843e-04   1.4300843e-04   1.4300843e-04
   5.8759139e-01   1.4300843e-04   1.4300843e-04   1.4300843e-04   1.4300843e-04
   5.8759139e-01   1.4300843e-04   1.4300843e-04   1.4300843e-04   1.4300843e-04
   5.8759130e-01   1.4300843e-04   1.4300843e-04   1.4300843e-04   1.4300843e-04
   5.8759138e-01   1.4300843e-04   1.4300843e-04   1.4300843e-04   1.4300843e-04
   5.8759139e-01   1.4300843e-04   1.4300843e-04   1.4300843e-04   1.4300843e-04
   5.8759137e-01   1.4300843e-04   1.4300843e-04   1.4300843e-04   1.4300843e-04
   5.8749074e-01   1.4300843e-04   1.4300843e-04   1.4300843e-04   1.4300843e-04
   5.8759131e-01   1.4300843e-04   1.4300843e-04   1.4300843e-04   1.4300843e-04
   5.8758982e-01   1.4300843e-04   1.4300843e-04   1.4300843e-04   1.4300843e-04
   5.8759139e-01   1.4300843e-04   1.4300843e-04   1.4300843e-04   1.4300843e-04
   5.8759139e-01   1.4300843e-04   1.4300843e-04   1.4300843e-04   1.4300843e-04
   5.8759138e-01   1.4300843e-04   1.4300843e-04   1.4300843e-04   1.4300843e-04
   5.8759134e-01   1.4300843e-04   1.4300843e-04   1.4300843e-04   1.4300843e-04
   5.8759137e-01   1.4300843e-04   1.4300843e-04   1.4300843e-04   1.4300843e-04
   5.8759130e-01   1.4300843e-04   1.4300843e-04   1.4300843e-04   1.4300843e-04
   5.8759139e-01   1.4300843e-04   1.4300843e-04   1.4300843e-04   1.4300843e-04
   5.8759136e-01   1.4300843e-04   1.4300843e-04   1.4300843e-04   1.4300843e-04
   5.8759137e-01   1.4300843e-04   1.4300843e-04   1.4300843e-04   1.4300843e-04
   5.8759120e-01   1.4300843e-04   1.4300843e-04   1.4300843e-04   1.4300843e-04
   5.8759139e-01   1.4300843e-04   1.4300843e-04   1.4300843e-04   1.4300843e-04
   5.8759139e-01   1.4300843e-04   1.4300843e-04   1.4300843e-04   1.4300843e-04
   5.8758833e-01   1.4300843e-04   1.4300843e-04   1.4300843e-04   1.4300843e-04
   5.8759133e-01   1.4300843e-04   1.4300843e-04   1.4300843e-04   1.4300843e-04
   5.8759139e-01   1.4300843e-04   1.4300843e-04   1.4300843e-04   1.4300843e-04
   5.8759036e-01   1.4300843e-04   1.4300843e-04   1.4300843e-04   1.4300843e-04
   5.8759138e-01   1.4300843e-04   1.4300843e-04   1.4300843e-04   1.4300843e-04
   5.8759138e-01   1.4300843e-04   1.4300843e-04   1.4300843e-04   1.4300843e-04
   5.8759139e-01   1.4300843e-04   1.4300843e-04   1.4300843e-04   1.4300843e-04
   5.8759134e-01   1.4300843e-04   1.4300843e-04   1.4300843e-04   1.4300843e-04
   5.8759137e-01   1.4300843e-04   1.4300843e-04   1.4300843e-04   1.4300843e-04
   5.8759138e-01   1.4300843e-04   1.4300843e-04   1.4300843e-04   1.4300843e-04
   5.8759139e-01   1.4300843e-04   1.4300843e-04   1.4300843e-04   1.4300843e-04
   5.8759127e-01   1.4300843e-04   1.4300843e-04   1.4300843e-04   1.4300843e-04
   5.8759128e-01   1.4300843e-04   1.4300843e-04   1.4300843e-04   1.4300843e-04
   5.8759138e-01   1.4300843e-04   1.4300843e-04   1.4300843e-04   1.4300843e-04
   5.8759139e-01   1.4300843e-04   1.4300843e-04   1.4300843e-04   1.4300843e-04
   5.8758465e-01   1.4300843e-04   1.4300843e-04   1.4300843e-04   1.4300843e-04
   5.8759137e-01   1.4300843e-04   1.4300843e-04   1.4300843e-04   1.4300843e-04
   5.8759133e-01   1.4300843e-04   1.4300843e-04   1.4300843e-04   1.4300843e-04
   5.8757920e-01   1.4300843e-04   1.4300843e-04   1.4300843e-04   1.4300843e-04
   5.8759139e-01   1.4300843e-04   1.4300843e-04   1.4300843e-04   1.4300843e-04
   5.8759139e-01   1.4300843e-04   1.4300843e-04   1.4300843e-04   1.4300843e-04
   5.8759138e-01   1.4300843e-04   1.4300843e-04   1.4300843e-04   1.4300843e-04
   5.8759138e-01   1.4300843e-04   1.4300843e-04   1.4300843e-04   1.4300843e-04
   5.7953518e-01   1.4300843e-04   1.4300843e-04   1.4300843e-04   1.4300843e-04
   5.8759067e-01   1.4300843e-04   1.4300843e-04   1.4300843e-04   1.4300843e-04
   5.8759131e-01   1.4300843e-04   1.4300843e-04   1.4300843e-04   1.4300843e-04
   5.8759138e-01   1.4300843e-04   1.4300843e-04   1.4300843e-04   1.4300843e-04
   5.8759130e-01   1.4300843e-04   1.4300843e-04   1.4300843e-04   1.4300843e-04
   5.8759137e-01   1.4300843e-04   1.4300843e-04   1.4300843e-04   1.4300843e-04
   5.8759014e-01   1.4300843e-04   1.4300843e-04   1.4300843e-04   1.4300843e-04
   5.8759124e-01   1.4300843e-04   1.4300843e-04   1.4300843e-04   1.4300843e-04
   5.8759139e-01   1.4300843e-04   1.4300843e-04   1.4300843e-04   1.4300843e-04
   5.8759099e-01   1.4300843e-04   1.4300843e-04   1.4300843e-04   1.4300843e-04
   5.8759134e-01   1.4300843e-04   1.4300843e-04   1.4300843e-04   1.4300843e-04
   5.8759139e-01   1.4300843e-04   1.4300843e-04   1.4300843e-04   1.4300843e-04
   5.8759139e-01   1.4300843e-04   1.4300843e-04   1.4300843e-04   1.4300843e-04
   5.8759133e-01   1.4300843e-04   1.4300843e-04   1.4300843e-04   1.4300843e-04
   5.8759138e-01   1.4300843e-04   1.4300843e-04   1.4300843e-04   1.4300843e-04
   5.8759139e-01   1.4300843e-04   1.4300843e-04   1.4300843e-04   1.4300843e-04
   5.8759139e-01   1.4300843e-04   1.4300843e-04   1.4300843e-04   1.4300843e-04
   5.8759130e-01   1.4300843e-04   1.4300843e-04   1.4300843e-04   1.4300843e-04
   5.8759139e-01   1.4300843e-04   1.4300843e-04   1.4300843e-04   1.4300843e-04
   5.8759133e-01   1.4300843e-04   1.4300843e-04   1.4300843e-04   1.4300843e-04
   5.8759126e-01   1.4300843e-04   1.4300843e-04   1.4300843e-04   1.4300843e-04
   5.8759139e-01   1.4300843e-04   1.4300843e-04   1.4300843e-04   1.4300843e-04
   5.8759131e-01   1.4300843e-04   1.4300843e-04   1.4300843e-04   1.4300843e-04
   5.8759137e-01   1.4300843e-04   1.4300843e-04   1.4300843e-04   1.4300843e-04
   5.8758693e-01   1.4300843e-04   1.4300843e-04   1.4300843e-04   1.4300843e-04
   5.8759139e-01   1.4300843e-04   1.4300843e-04   1.4300843e-04   1.4300843e-04
   5.8759128e-01   1.4300843e-04   1.4300843e-04   1.4300843e-04   1.4300843e-04
   5.8759121e-01   1.4300843e-04   1.4300843e-04   1.4300843e-04   1.4300843e-04
   5.8759136e-01   1.4300843e-04   1.4300843e-04   1.4300843e-04   1.4300843e-04
   5.8759138e-01   1.4300843e-04   1.4300843e-04   1.4300843e-04   1.4300843e-04
   5.8758748e-01   1.4300843e-04   1.4300843e-04   1.4300843e-04   1.4300843e-04
   5.8759116e-01   1.4300843e-04   1.4300843e-04   1.4300843e-04   1.4300843e-04
   5.8759136e-01   1.4300843e-04   1.4300843e-04   1.4300843e-04   1.4300843e-04
   5.8759139e-01   1.4300843e-04   1.4300843e-04   1.4300843e-04   1.4300843e-04
   5.8757494e-01   1.4300843e-04   1.4300843e-04   1.4300843e-04   1.4300843e-04
   5.8759139e-01   1.4300843e-04   1.4300843e-04   1.4300843e-04   1.4300843e-04
   5.8759137e-01   1.4300843e-04   1.4300843e-04   1.4300843e-04   1.4300843e-04
   5.8759123e-01   1.4300843e-04   1.4300843e-04   1.4300843e-04   1.4300843e-04
   5.8759125e-01   1.4300843e-04   1.4300843e-04   1.4300843e-04   1.4300843e-04
   5.8759079e-01   1.4300843e-04   1.4300843e-04   1.4300843e-04   1.4300843e-04
   5.8759079e-01   1.4300843e-04   1.4300843e-04   1.4300843e-04   1.4300843e-04
   5.8759136e-01   1.4300843e-04   1.4300843e-04   1.4300843e-04   1.4300843e-04
   5.8759138e-01   1.4300843e-04   1.4300843e-04   1.4300843e-04   1.4300843e-04
   5.8759136e-01   1.4300843e-04   1.4300843e-04   1.4300843e-04   1.4300843e-04
   5.8759138e-01   1.4300843e-04   1.4300843e-04   1.4300843e-04   1.4300843e-04
   5.8759138e-01   1.4300843e-04   1.4300843e-04   1.4300843e-04   1.4300843e-04
   5.8759138e-01   1.4300843e-04   1.4300843e-04   1.4300843e-04   1.4300843e-04
   5.8759139e-01   1.4300843e-04   1.4300843e-04   1.4300843e-04   1.4300843e-04
   5.8759139e-01   1.4300843e-04   1.4300843e-04   1.4300843e-04   1.4300843e-04
   5.8326763e-01   1.4300843e-04   1.4300843e-04   1.4300843e-04   1.4300843e-04
   5.8759137e-01   1.4300843e-04   1.4300843e-04   1.4300843e-04   1.4300843e-04
   5.8759139e-01   1.4300843e-04   1.4300843e-04   1.4300843e-04   1.4300843e-04
   5.8759137e-01   1.4300843e-04   1.4300843e-04   1.4300843e-04   1.4300843e-04
   5.8759139e-01   1.4300843e-04   1.4300843e-04   1.4300843e-04   1.4300843e-04
   5.8759127e-01   1.4300843e-04   1.4300843e-04   1.4300843e-04   1.4300843e-04
   5.8759139e-01   1.4300843e-04   1.4300843e-04   1.4300843e-04   1.4300843e-04
   5.8759119e-01   1.4300843e-04   1.4300843e-04   1.4300843e-04   1.4300843e-04
   5.8759138e-01   1.4300843e-04   1.4300843e-04   1.4300843e-04   1.4300843e-04
   5.8759134e-01   1.4300843e-04   1.4300843e-04   1.4300843e-04   1.4300843e-04
   5.8759137e-01   1.4300843e-04   1.4300843e-04   1.4300843e-04   1.4300843e-04
   5.8759137e-01   1.4300843e-04   1.4300843e-04   1.4300843e-04   1.4300843e-04
   5.8759139e-01   1.4300843e-04   1.4300843e-04   1.4300843e-04   1.4300843e-04
   5.8759138e-01   1.4300843e-04   1.4300843e-04   1.4300843e-04   1.4300843e-04
   5.8759139e-01   1.4300843e-04   1.4300843e-04   1.4300843e-04   1.4300843e-04
   5.8759138e-01   1.4300843e-04   1.4300843e-04   1.4300843e-04   1.4300843e-04
   5.8759137e-01   1.4300843e-04   1.4300843e-04   1.4300843e-04   1.4300843e-04
   5.8759136e-01   1.4300843e-04   1.4300843e-04   1.4300843e-04   1.4300843e-04
   5.8759139e-01   1.4300843e-04   1.4300843e-04   1.4300843e-04   1.4300843e-04
   5.8759132e-01   1.4300843e-04   1.4300843e-04   1.4300843e-04   1.4300843e-04
   5.8759139e-01   1.4300843e-04   1.4300843e-04   1.4300843e-04   1.4300843e-04
   5.8759138e-01   1.4300843e-04   1.4300843e-04   1.4300843e-04   1.4300843e-04
   5.8759136e-01   1.4300843e-04   1.4300843e-04   1.4300843e-04   1.4300843e-04
   5.8759134e-01   1.4300843e-04   1.4300843e-04   1.4300843e-04   1.4300843e-04
   5.8759138e-01   1.4300843e-04   1.4300843e-04   1.4300843e-04   1.4300843e-04
   5.8759136e-01   1.4300843e-04   1.4300843e-04   1.4300843e-04   1.4300843e-04
   5.8759138e-01   1.4300843e-04   1.4300843e-04   1.4300843e-04   1.4300843e-04
   5.8759137e-01   1.4300843e-04   1.4300843e-04   1.4300843e-04   1.4300843e-04
   5.8759115e-01   1.4300843e-04   1.4300843e-04   1.4300843e-04   1.4300843e-04
   5.8759138e-01   1.4300843e-04   1.4300843e-04   1.4300843e-04   1.4300843e-04
   5.8759138e-01   1.4300843e-04   1.4300843e-04   1.4300843e-04   1.4300843e-04
   5.8759101e-01   1.4300843e-04   1.4300843e-04   1.4300843e-04   1.4300843e-04
   5.8759139e-01   1.4300843e-04   1.4300843e-04   1.4300843e-04   1.4300843e-04
   5.8759139e-01   1.4300843e-04   1.4300843e-04   1.4300843e-04   1.4300843e-04
   5.8759139e-01   1.4300843e-04   1.4300843e-04   1.4300843e-04   1.4300843e-04
   5.8759139e-01   1.4300843e-04   1.4300843e-04   1.4300843e-04   1.4300843e-04
   5.8759138e-01   1.4300843e-04   1.4300843e-04   1.4300843e-04   1.4300843e-04
   5.8759110e-01   1.4300843e-04   1.4300843e-04   1.4300843e-04   1.4300843e-04
   5.8759137e-01   1.4300843e-04   1.4300843e-04   1.4300843e-04   1.4300843e-04
   5.8759139e-01   1.4300843e-04   1.4300843e-04   1.4300843e-04   1.4300843e-04
   5.8759139e-01   1.4300843e-04   1.4300843e-04   1.4300843e-04   1.4300843e-04
   5.8758148e-01   1.4300843e-04   1.4300843e-04   1.4300843e-04   1.4300843e-04
   5.8759139e-01   1.4300843e-04   1.4300843e-04   1.4300843e-04   1.4300843e-04
   5.8759139e-01   1.4300843e-04   1.4300843e-04   1.4300843e-04   1.4300843e-04
   5.8759123e-01   1.4300843e-04   1.4300843e-04   1.4300843e-04   1.4300843e-04
   5.8759126e-01   1.4300843e-04   1.4300843e-04   1.4300843e-04   1.4300843e-04
   5.8759138e-01   1.4300843e-04   1.4300843e-04   1.4300843e-04   1.4300843e-04
   5.8759139e-01   1.4300843e-04   1.4300843e-04   1.4300843e-04   1.4300843e-04
   5.8759137e-01   1.4300843e-04   1.4300843e-04   1.4300843e-04   1.4300843e-04
   5.8758915e-01   1.4300843e-04   1.4300843e-04   1.4300843e-04   1.4300843e-04
   5.8759126e-01   1.4300843e-04   1.4300843e-04   1.4300843e-04   1.4300843e-04
   5.8759139e-01   1.4300843e-04   1.4300843e-04   1.4300843e-04   1.4300843e-04
   5.8759007e-01   1.4300843e-04   1.4300843e-04   1.4300843e-04   1.4300843e-04
   5.8759138e-01   1.4300843e-04   1.4300843e-04   1.4300843e-04   1.4300843e-04
   5.8759138e-01   1.4300843e-04   1.4300843e-04   1.4300843e-04   1.4300843e-04
   5.8759138e-01   1.4300843e-04   1.4300843e-04   1.4300843e-04   1.4300843e-04
   5.8759138e-01   1.4300843e-04   1.4300843e-04   1.4300843e-04   1.4300843e-04
   5.8759138e-01   1.4300843e-04   1.4300843e-04   1.4300843e-04   1.4300843e-04
   5.8647138e-01   1.4300843e-04   1.4300843e-04   1.4300843e-04   1.4300843e-04
   5.8759114e-01   1.4300843e-04   1.4300843e-04   1.4300843e-04   1.4300843e-04
   5.8759137e-01   1.4300843e-04   1.4300843e-04   1.4300843e-04   1.4300843e-04
   5.8759136e-01   1.4300843e-04   1.4300843e-04   1.4300843e-04   1.4300843e-04
   5.8759139e-01   1.4300843e-04   1.4300843e-04   1.4300843e-04   1.4300843e-04
   5.8759139e-01   1.4300843e-04   1.4300843e-04   1.4300843e-04   1.4300843e-04
   5.8759138e-01   1.4300843e-04   1.4300843e-04   1.4300843e-04   1.4300843e-04
   5.8759139e-01   1.4300843e-04   1.4300843e-04   1.4300843e-04   1.4300843e-04
   5.8759139e-01   1.4300843e-04   1.4300843e-04   1.4300843e-04   1.4300843e-04
   5.8759136e-01   1.4300843e-04   1.4300843e-04   1.4300843e-04   1.4300843e-04
   5.8754374e-01   1.4300843e-04   1.4300843e-04   1.4300843e-04   1.4300843e-04
   5.8759139e-01   1.4300843e-04   1.4300843e-04   1.4300843e-04   1.4300843e-04
   5.8759097e-01   1.4300843e-04   1.4300843e-04   1.4300843e-04   1.4300843e-04
   5.8759139e-01   1.4300843e-04   1.4300843e-04   1.4300843e-04   1.4300843e-04
   5.8759139e-01   1.4300843e-04   1.4300843e-04   1.4300843e-04   1.4300843e-04
   5.8759138e-01   1.4300843e-04   1.4300843e-04   1.4300843e-04   1.4300843e-04
   5.8759124e-01   1.4300843e-04   1.4300843e-04   1.4300843e-04   1.4300843e-04
   5.8759139e-01   1.4300843e-04   1.4300843e-04   1.4300843e-04   1.4300843e-04
   5.8759135e-01   1.4300843e-04   1.4300843e-04   1.4300843e-04   1.4300843e-04
   5.8759139e-01   1.4300843e-04   1.4300843e-04   1.4300843e-04   1.4300843e-04
   5.8759134e-01   1.4300843e-04   1.4300843e-04   1.4300843e-04   1.4300843e-04
   5.8759137e-01   1.4300843e-04   1.4300843e-04   1.4300843e-04   1.4300843e-04
   5.8759139e-01   1.4300843e-04   1.4300843e-04   1.4300843e-04   1.4300843e-04
   5.8759137e-01   1.4300843e-04   1.4300843e-04   1.4300843e-04   1.4300843e-04
   5.8759139e-01   1.4300843e-04   1.4300843e-04   1.4300843e-04   1.4300843e-04
   5.8759139e-01   1.4300843e-04   1.4300843e-04   1.4300843e-04   1.4300843e-04
   5.8759112e-01   1.4300843e-04   1.4300843e-04   1.4300843e-04   1.4300843e-04
   5.8759139e-01   1.4300843e-04   1.4300843e-04   1.4300843e-04   1.4300843e-04
   5.8759136e-01   1.4300843e-04   1.4300843e-04   1.4300843e-04   1.4300843e-04
   5.8756433e-01   1.4300843e-04   1.4300843e-04   1.4300843e-04   1.4300843e-04
   5.8759139e-01   1.4300843e-04   1.4300843e-04   1.4300843e-04   1.4300843e-04
   5.8759066e-01   1.4300843e-04   1.4300843e-04   1.4300843e-04   1.4300843e-04
   5.8759138e-01   1.4300843e-04   1.4300843e-04   1.4300843e-04   1.4300843e-04
   5.8759081e-01   1.4300843e-04   1.4300843e-04   1.4300843e-04   1.4300843e-04
   5.8759139e-01   1.4300843e-04   1.4300843e-04   1.4300843e-04   1.4300843e-04
   5.8759137e-01   1.4300843e-04   1.4300843e-04   1.4300843e-04   1.4300843e-04
   5.8759128e-01   1.4300843e-04   1.4300843e-04   1.4300843e-04   1.4300843e-04
   5.8759139e-01   1.4300843e-04   1.4300843e-04   1.4300843e-04   1.4300843e-04
   5.8756048e-01   1.4300843e-04   1.4300843e-04   1.4300843e-04   1.4300843e-04
   5.8759138e-01   1.4300843e-04   1.4300843e-04   1.4300843e-04   1.4300843e-04
   5.8759139e-01   1.4300843e-04   1.4300843e-04   1.4300843e-04   1.4300843e-04
   5.8759138e-01   1.4300843e-04   1.4300843e-04   1.4300843e-04   1.4300843e-04
   5.8759139e-01   1.4300843e-04   1.4300843e-04   1.4300843e-04   1.4300843e-04
   5.8759126e-01   1.4300843e-04   1.4300843e-04   1.4300843e-04   1.4300843e-04
   5.8759136e-01   1.4300843e-04   1.4300843e-04   1.4300843e-04   1.4300843e-04
   5.8759136e-01   1.4300843e-04   1.4300843e-04   1.4300843e-04   1.4300843e-04
   5.8759138e-01   1.4300843e-04   1.4300843e-04   1.4300843e-04   1.4300843e-04
   5.8759138e-01   1.4300843e-04   1.4300843e-04   1.4300843e-04   1.4300843e-04
   5.8759139e-01   1.4300843e-04   1.4300843e-04   1.4300843e-04   1.4300843e-04
   5.8759138e-01   1.4300843e-04   1.4300843e-04   1.4300843e-04   1.4300843e-04
   5.8759138e-01   1.4300843e-04   1.4300843e-04   1.4300843e-04   1.4300843e-04
   5.8759134e-01   1.4300843e-04   1.4300843e-04   1.4300843e-04   1.4300843e-04
   5.8759139e-01   1.4300843e-04   1.4300843e-04   1.4300843e-04   1.4300843e-04
   5.8753599e-01   1.4300843e-04   1.4300843e-04   1.4300843e-04   1.4300843e-04
   5.8759130e-01   1.4300843e-04   1.4300843e-04   1.4300843e-04   1.4300843e-04
   5.8480502e-01   1.4300843e-04   1.4300843e-04   1.4300843e-04   1.4300843e-04
   5.8759136e-01   1.4300843e-04   1.4300843e-04   1.4300843e-04   1.4300843e-04
   5.8725526e-01   1.4300843e-04   1.4300843e-04   1.4300843e-04   1.4300843e-04
   5.8759096e-01   1.4300843e-04   1.4300843e-04   1.4300843e-04   1.4300843e-04
   5.8759136e-01   1.4300843e-04   1.4300843e-04   1.4300843e-04   1.4300843e-04
   5.8759139e-01   1.4300843e-04   1.4300843e-04   1.4300843e-04   1.4300843e-04
   5.8759139e-01   1.4300843e-04   1.4300843e-04   1.4300843e-04   1.4300843e-04
   5.8759136e-01   1.4300843e-04   1.4300843e-04   1.4300843e-04   1.4300843e-04
   5.8759133e-01   1.4300843e-04   1.4300843e-04   1.4300843e-04   1.4300843e-04
   5.8759070e-01   1.4300843e-04   1.4300843e-04   1.4300843e-04   1.4300843e-04
   5.8758958e-01   1.4300843e-04   1.4300843e-04   1.4300843e-04   1.4300843e-04
   5.8759135e-01   1.4300843e-04   1.4300843e-04   1.4300843e-04   1.4300843e-04
   5.8759138e-01   1.4300843e-04   1.4300843e-04   1.4300843e-04   1.4300843e-04
   5.8759117e-01   1.4300843e-04   1.4300843e-04   1.4300843e-04   1.4300843e-04
   5.8759138e-01   1.4300843e-04   1.4300843e-04   1.4300843e-04   1.4300843e-04
   5.8757216e-01   1.4300843e-04   1.4300843e-04   1.4300843e-04   1.4300843e-04
   5.8759139e-01   1.4300843e-04   1.4300843e-04   1.4300843e-04   1.4300843e-04
   5.8759137e-01   1.4300843e-04   1.4300843e-04   1.4300843e-04   1.4300843e-04
   5.8759139e-01   1.4300843e-04   1.4300843e-04   1.4300843e-04   1.4300843e-04
   5.8757970e-01   1.4300843e-04   1.4300843e-04   1.4300843e-04   1.4300843e-04
   5.8759138e-01   1.4300843e-04   1.4300843e-04   1.4300843e-04   1.4300843e-04
   5.8759138e-01   1.4300843e-04   1.4300843e-04   1.4300843e-04   1.4300843e-04
   5.8759139e-01   1.4300843e-04   1.4300843e-04   1.4300843e-04   1.4300843e-04
   5.8759139e-01   1.4300843e-04   1.4300843e-04   1.4300843e-04   1.4300843e-04
   5.8759066e-01   1.4300843e-04   1.4300843e-04   1.4300843e-04   1.4300843e-04
   5.8759136e-01   1.4300843e-04   1.4300843e-04   1.4300843e-04   1.4300843e-04
   5.8759138e-01   1.4300843e-04   1.4300843e-04   1.4300843e-04   1.4300843e-04
   5.8759039e-01   1.4300843e-04   1.4300843e-04   1.4300843e-04   1.4300843e-04
   5.8759139e-01   1.4300843e-04   1.4300843e-04   1.4300843e-04   1.4300843e-04
   5.8759139e-01   1.4300843e-04   1.4300843e-04   1.4300843e-04   1.4300843e-04
   5.8759123e-01   1.4300843e-04   1.4300843e-04   1.4300843e-04   1.4300843e-04
   5.8759138e-01   1.4300843e-04   1.4300843e-04   1.4300843e-04   1.4300843e-04
   5.8759137e-01   1.4300843e-04   1.4300843e-04   1.4300843e-04   1.4300843e-04
   5.8759139e-01   1.4300843e-04   1.4300843e-04   1.4300843e-04   1.4300843e-04
   5.8759139e-01   1.4300843e-04   1.4300843e-04   1.4300843e-04   1.4300843e-04
