80 
0.98453
0.98454
0.98456
0.9846
0.98464
0.9847
0.98478
0.98487
0.98497
0.98507
0.98517
0.98526
0.98536
0.98545
0.98553
0.98562
0.9857
0.98578
0.98585
0.98593
0.986
0.98606
0.98613
0.98619
0.98625
0.98631
0.98637
0.98643
0.98648
0.98653
0.98658
0.98663
0.98667
0.98671
0.98676
0.9868
0.98683
0.98687
0.9869
0.98694
0.98697
0.987
0.98703
0.98706
0.98709
0.98711
0.98713
0.98716
0.98718
0.98719
0.98721
0.98723
0.98724
0.98726
0.98728
0.98729
0.98731
0.98732
0.98733
0.98735
0.98736
0.98737
0.98739
0.9874
0.98741
0.98742
0.98743
0.98744
0.98745
0.98746
0.98747
0.98748
0.98749
0.98749
0.98749
0.9875
0.9875
0.98749
0.98749
0.98749
