80 
0.12881
0.12901
0.1294
0.12999
0.13079
0.13181
0.13304
0.13451
0.13622
0.13793
0.13963
0.14132
0.14298
0.14462
0.14625
0.14789
0.14951
0.1511
0.15267
0.15421
0.15575
0.15725
0.15869
0.1601
0.16147
0.16283
0.16417
0.16545
0.16671
0.16795
0.16915
0.17032
0.17147
0.1726
0.17371
0.17479
0.17581
0.17682
0.1778
0.17875
0.17967
0.18058
0.18148
0.18235
0.1832
0.18399
0.18474
0.18547
0.18613
0.18678
0.18742
0.18805
0.18865
0.18926
0.18989
0.19047
0.19106
0.19163
0.19218
0.19266
0.19312
0.19359
0.19408
0.19457
0.19504
0.19547
0.19588
0.19627
0.19665
0.19704
0.19743
0.19778
0.19804
0.19825
0.19839
0.19852
0.19855
0.19857
0.19851
0.19848
