  -1.0000000e+02
   1.2110773e-04
   9.9948402e-01
   9.9947985e-01
   1.0000000e+01
   1.4701300e+02
   1.4300843e-04
   5.8930439e-01
   1.0474408e-03
   1.2880957e-01
   9.8452564e-01
   9.6824743e-01
   1.3372333e-02
   6.9256309e-05
   1.5941501e-07
   1.3760374e-10
   1.5338301e-02
   2.7170565e-03
   2.4378645e-04
   1.1514430e-05
   1.0000000e+00
   5.0939294e-01
   6.6291776e-02
   3.2399316e-03
   7.2470481e-05
   1.1216851e-06
   2.9812786e-01
   2.0546663e-02
   3.8853577e-02
   2.4645819e-02
   9.9999999e-01
   6.0487851e+00
   9.9974541e-01
   2.1384948e-04
   3.7605183e-05
   2.8490733e-06
   2.8381879e-07
