   5.2357278e-01
   5.2357278e-01
   4.8656799e-01
   5.2357275e-01
   5.2357276e-01
   5.2357278e-01
   5.2314541e-01
   5.2357277e-01
   5.2356736e-01
   5.2353852e-01
   5.2353648e-01
   5.2357278e-01
   5.2357278e-01
   5.1411587e-02
   5.2357270e-01
   5.1500328e-01
   5.2357278e-01
   5.2354343e-01
   5.0383084e-01
   5.2352328e-01
   5.2357278e-01
   5.2357278e-01
   2.9672716e-01
   5.2357278e-01
   5.2357277e-01
   4.4718663e-02
   5.2351364e-01
   2.0065222e-01
   5.2357278e-01
   5.2332319e-01
   5.2357278e-01
   5.2357278e-01
   5.2357007e-01
   5.2357199e-01
   5.2357278e-01
   5.2355593e-01
   5.2357249e-01
   4.1103769e-02
   4.3150196e-01
   5.2151956e-01
   5.2357278e-01
   4.1441290e-02
   5.2357278e-01
   5.2344032e-01
   5.2352574e-01
   5.2357278e-01
   5.2357046e-01
   5.2357278e-01
   5.2353904e-01
   5.2356657e-01
   5.2357278e-01
   5.2158500e-01
   5.2357224e-01
   5.2357267e-01
   1.2994436e-01
   5.2356378e-01
   6.9488682e-02
   5.2022671e-01
   5.2226292e-01
   5.2352743e-01
   4.1098479e-02
   5.2352756e-01
   5.2352756e-01
   5.2352756e-01
   5.1797772e-01
   5.2160221e-01
   5.0567654e-01
   5.2094424e-01
   1.8682500e-01
   5.2352738e-01
   5.2352756e-01
   5.2250943e-01
   5.2352756e-01
   5.0990015e-01
   5.2348275e-01
   5.2351025e-01
   3.0609429e-01
   5.2352756e-01
   5.2329669e-01
   5.2352756e-01
   5.2352756e-01
   5.2352756e-01
   5.2352748e-01
   5.2352756e-01
   5.2249518e-01
   5.2330433e-01
   5.2352756e-01
   5.2352339e-01
   5.2352413e-01
   5.2352717e-01
   5.2352526e-01
   5.2352756e-01
   5.1996405e-01
   5.2349311e-01
   5.2352756e-01
   5.2318850e-01
   5.2352625e-01
   5.2352755e-01
   4.1357193e-02
   5.2352756e-01
   5.2352756e-01
   5.2090092e-01
   5.2298254e-01
   5.2240859e-01
   5.1821780e-01
   5.2352756e-01
   5.2352756e-01
   5.2349729e-01
   5.2352756e-01
   5.2328081e-01
   5.2352756e-01
   5.2348370e-01
   5.2012188e-01
   5.2348371e-01
   5.2348371e-01
   2.2169180e-01
   5.2348364e-01
   1.9619026e-01
   5.2348370e-01
   5.2334844e-01
   5.1875349e-01
   4.0392119e-01
   5.2348371e-01
   5.2348370e-01
   5.2348371e-01
   5.2340655e-01
   1.9451283e-01
   5.2348370e-01
   5.2348284e-01
   5.2348371e-01
   5.2348352e-01
   5.1726879e-01
   5.2348371e-01
   5.2348371e-01
   5.2233252e-01
   4.8189983e-01
   5.2340851e-01
   5.0985926e-01
   4.1185060e-01
   4.8189982e-01
   5.2348371e-01
   5.2348371e-01
   5.2348371e-01
   3.1440036e-01
   5.2348370e-01
   4.8452880e-01
   5.2345970e-01
   4.1166905e-02
   5.2327629e-01
   5.2341454e-01
   5.0510076e-01
   5.2305512e-01
   5.2348262e-01
   5.2319672e-01
   5.8310177e-02
   5.2348371e-01
   5.2100837e-01
   4.5489929e-01
   5.2347971e-01
   5.2342749e-01
   5.2348371e-01
   5.2348371e-01
   5.2340968e-01
   4.8405177e-01
   5.2348370e-01
   5.2344719e-01
   5.2344719e-01
   5.2344718e-01
   5.2339633e-01
   5.2344719e-01
   5.2344691e-01
   3.5036756e-01
   2.5794349e-01
   5.2343953e-01
   5.2344719e-01
   4.3092215e-02
   5.2344719e-01
   5.2344719e-01
   4.5224412e-02
   3.4264332e-01
   5.2344719e-01
   5.2344719e-01
   5.2173728e-01
   5.2344708e-01
   5.2344719e-01
   5.2344719e-01
   5.2260869e-01
   5.2344666e-01
   5.2327555e-01
   5.2344719e-01
   5.2344719e-01
   5.2344719e-01
   5.0949441e-01
   5.2323299e-01
   5.2344719e-01
   5.2344709e-01
   4.4103248e-02
   5.2344719e-01
   5.2344719e-01
   1.2609204e-01
   5.2344719e-01
   5.2040184e-01
   5.1275639e-01
   7.3709300e-02
   5.2344442e-01
   5.2344719e-01
   4.8549666e-01
   5.2344719e-01
   7.2305603e-02
   5.2344718e-01
   5.2344715e-01
   5.2344719e-01
   3.2197760e-01
   5.2328563e-01
   2.3872692e-01
   5.0641072e-01
   5.2344719e-01
   7.4821021e-02
   5.2337029e-01
   5.2341845e-01
   5.2342135e-01
   5.2291269e-01
   5.2337168e-01
   5.2341724e-01
   3.2247860e-01
   5.1365075e-01
   5.2342032e-01
   3.0973296e-01
   5.2342135e-01
   5.2327906e-01
   5.2342128e-01
   5.2340743e-01
   5.2341992e-01
   5.1929810e-01
   1.7123846e-01
   5.2310018e-01
   5.2208323e-01
   5.2342135e-01
   5.2342135e-01
   5.2342135e-01
   5.2341455e-01
   5.2342135e-01
   5.2320355e-01
   5.2340155e-01
   5.2340728e-01
   5.1993624e-01
   5.2342122e-01
   5.2342135e-01
   5.2342135e-01
   5.2342094e-01
   2.1482431e-01
   5.2342121e-01
   5.0249583e-01
   5.2342135e-01
   5.2342135e-01
   5.2342135e-01
   5.2342135e-01
   5.2342135e-01
   5.2342135e-01
   5.1645433e-01
   5.2342132e-01
   5.2342135e-01
   5.2342134e-01
   5.2342135e-01
   4.7172351e-01
   3.4292084e-01
   4.0817250e-01
   5.2342135e-01
   5.2342134e-01
   5.2342135e-01
   5.1556069e-01
   5.2342135e-01
   5.2158148e-01
   4.3571838e-01
   5.1631451e-01
   4.0462975e-01
   5.2335711e-01
   5.2339055e-01
   5.2339056e-01
   5.2339056e-01
   4.3473596e-01
   5.1626690e-01
   5.2090696e-01
   5.2339056e-01
   5.2339056e-01
   5.2339056e-01
   2.5407091e-01
   5.2339056e-01
   5.2339056e-01
   3.5707888e-01
   5.2339056e-01
   5.2339056e-01
   5.2327862e-01
   5.2338372e-01
   5.2339056e-01
   1.3698510e-01
   5.0467663e-01
   5.2339056e-01
   5.2339030e-01
   5.2339056e-01
   4.6861377e-01
   5.2338972e-01
   4.3817186e-01
   5.2339056e-01
   5.0832023e-01
   5.2324102e-01
   5.0739764e-01
   5.2339032e-01
   4.1980109e-02
   5.2338390e-01
   5.2339055e-01
   5.2339056e-01
   5.2339056e-01
   4.0610676e-01
   5.2266991e-01
   5.2339056e-01
   4.1323423e-01
   5.2339056e-01
   5.2328106e-01
   5.2339056e-01
   5.2339026e-01
   5.2339034e-01
   4.9743946e-01
   5.2339056e-01
   5.2245717e-01
   5.2335308e-01
   5.2336296e-01
   5.2336297e-01
   2.0222478e-01
   5.2326184e-01
   5.2313624e-01
   5.2336297e-01
   5.2336294e-01
   5.2336297e-01
   5.2334410e-01
   5.2335911e-01
   5.2336297e-01
   5.2336297e-01
   5.2287077e-01
   5.2336297e-01
   5.2336297e-01
   5.2336129e-01
   5.2325601e-01
   5.0994767e-01
   4.0946200e-01
   5.2336292e-01
   5.2336297e-01
   5.2336297e-01
   5.2336297e-01
   5.2336297e-01
   5.1906168e-01
   5.2336293e-01
   7.3608498e-02
   5.2336295e-01
   5.1499316e-01
   5.2336297e-01
   5.2336297e-01
   5.2336278e-01
   5.2336297e-01
   5.2336297e-01
   5.0097728e-01
   4.2074915e-02
   5.2336297e-01
   5.2336270e-01
   5.2332784e-01
   5.2329783e-01
   5.2336297e-01
   5.2336209e-01
   5.2321397e-01
   5.2334647e-01
   5.1899766e-01
   2.7447512e-01
   5.2336297e-01
   5.2336297e-01
   5.2297409e-01
   2.0541752e-01
   5.2331778e-01
   5.2333401e-01
   5.1724362e-01
   4.1091118e-02
   5.2333401e-01
   5.2333401e-01
   5.0392274e-01
   5.2333365e-01
   5.2333401e-01
   5.2333183e-01
   3.3797657e-01
   5.1716823e-01
   5.2333401e-01
   5.2333398e-01
   5.2333401e-01
   5.2332047e-01
   4.1397428e-02
   5.2311040e-01
   5.1924267e-01
   5.2333401e-01
   5.2333230e-01
   4.1085914e-02
   4.0208730e-01
   3.4727115e-01
   5.2333347e-01
   5.2333026e-01
   5.2333362e-01
   5.2333399e-01
   5.0702892e-01
   5.2332358e-01
   2.1479339e-02
   5.2333399e-01
   5.2333401e-01
   4.3609709e-01
   5.2333401e-01
   5.2333401e-01
   4.1091666e-02
   5.2333401e-01
   5.2333143e-01
   5.2333401e-01
   5.2333374e-01
   5.2333381e-01
   5.2146743e-01
   5.2333401e-01
   5.2333398e-01
   5.2333375e-01
   4.9563491e-01
   5.2333401e-01
   5.2333401e-01
   5.2331261e-01
   5.2327867e-01
   2.5853912e-01
   5.2331261e-01
   5.1095744e-01
   5.2331261e-01
   1.1627880e-01
   5.2331261e-01
   5.2331261e-01
   5.2331261e-01
   5.2270951e-01
   5.2257587e-01
   4.7758675e-02
   5.1655883e-01
   5.2331261e-01
   4.6477670e-01
   5.2063102e-01
   4.0000910e-01
   5.2331258e-01
   5.0111696e-01
   5.2024133e-01
   2.6641856e-01
   5.1899427e-01
   5.1309540e-01
   4.7173640e-01
   4.8723033e-01
   5.2310510e-01
   4.1084892e-02
   5.0927182e-01
   4.0550494e-02
   1.8762661e-01
   5.2331005e-01
   5.2331172e-01
   4.9829169e-02
   5.2150280e-01
   5.2331244e-01
   5.2331261e-01
   5.2320870e-01
   4.9271128e-01
   5.2331260e-01
   5.2331261e-01
   2.1169089e-01
   5.2331090e-01
   5.0050996e-01
   5.2133060e-01
   5.2331261e-01
   4.9790245e-01
   5.2330684e-01
   5.2328213e-01
   5.2331261e-01
   5.1838831e-01
   5.2330426e-01
   5.1200329e-01
   5.2330426e-01
   5.2330426e-01
   5.2330418e-01
   5.2330206e-01
   5.2204226e-01
   5.2319683e-01
   5.2330425e-01
   5.2292519e-01
   5.2330306e-01
   5.2330423e-01
   5.2330410e-01
   5.2330164e-01
   4.1855669e-01
   5.2330421e-01
   5.2330426e-01
   5.2330426e-01
   5.2316142e-01
   5.2329172e-01
   5.2330426e-01
   5.2278059e-01
   5.1929312e-01
   5.2328291e-01
   5.2330426e-01
   5.2330426e-01
   5.1922168e-01
   5.2330426e-01
   5.2330426e-01
   5.2329898e-01
   5.2330405e-01
   5.2330426e-01
   5.2330425e-01
   5.2330426e-01
   5.1743409e-01
   5.1420617e-01
   5.2330426e-01
   5.2330426e-01
   5.2330424e-01
   5.2330426e-01
   3.2870957e-01
   4.9549921e-01
   5.2330426e-01
   5.2086744e-01
   5.2330426e-01
   5.1457275e-01
   5.2323998e-01
   5.2330426e-01
   5.2328623e-01
   4.5327951e-01
   2.5740547e-01
   5.2328689e-01
   4.9865644e-01
   5.2304832e-01
   5.2293518e-01
   5.2302435e-01
   5.2328689e-01
   5.0873710e-01
   4.4107084e-02
   5.2158435e-01
   5.2328437e-01
   4.0066538e-01
   5.2205634e-01
   5.2292016e-01
   4.9235734e-01
   5.2328585e-01
   1.5192146e-01
   5.1926274e-01
   5.4458569e-02
   5.2328689e-01
   5.2328689e-01
   5.2327251e-01
   5.2328685e-01
   1.5287868e-01
   4.1089160e-02
   5.2328065e-01
   4.8770064e-01
   5.2328689e-01
   5.2328689e-01
   5.2274896e-01
   5.2328688e-01
   5.2316750e-01
   5.2328688e-01
   5.2328669e-01
   5.1586659e-01
   5.2328467e-01
   5.1637424e-01
   5.2311098e-01
   4.1944798e-02
   3.9564384e-01
   4.1071716e-01
   4.8294781e-02
   5.2328689e-01
   5.2328689e-01
   5.2328689e-01
   5.2328605e-01
   5.2155600e-01
   5.2308559e-01
   5.2327810e-01
   5.2327827e-01
   5.2327606e-01
   5.2327825e-01
   5.2327827e-01
   5.2327827e-01
   5.2327826e-01
   5.2327827e-01
   5.2323492e-01
   5.2327827e-01
   3.7599894e-01
   1.8467317e-01
   4.6326715e-01
   5.2327827e-01
   8.4957460e-02
   4.3063081e-02
   5.2327827e-01
   5.2327821e-01
   3.9943584e-02
   4.9691163e-01
   5.2327743e-01
   5.2327827e-01
   5.2314793e-01
   5.2327401e-01
   5.2327827e-01
   8.4877982e-02
   5.2267337e-01
   4.6790129e-02
   5.2327827e-01
   5.2327827e-01
   5.2327827e-01
   5.2327827e-01
   5.2291270e-01
   5.2327827e-01
   5.2327824e-01
   5.2327787e-01
   5.2327827e-01
   3.7311203e-01
   1.3454723e-01
   5.0510087e-01
   5.2322219e-01
   5.2327827e-01
   5.2242213e-01
   3.6856683e-01
   5.2327827e-01
   5.2325865e-01
   5.2327278e-01
   5.2321036e-01
   4.8813136e-01
   5.2327277e-01
   5.2327278e-01
   5.2327278e-01
   5.2235131e-01
   5.2327279e-01
   5.1911556e-01
   5.2327274e-01
   1.1340504e-01
   4.2444469e-02
   5.2327279e-01
   5.2327279e-01
   3.6715686e-01
   5.2327279e-01
   5.2327275e-01
   5.2129819e-01
   5.1331972e-01
   5.2327278e-01
   5.2327279e-01
   3.7255785e-01
   4.5004245e-01
   1.4973526e-01
   5.2327279e-01
   5.2316945e-01
   5.2327279e-01
   5.2327267e-01
   5.2304992e-01
   2.8974809e-01
   5.1734320e-01
   5.2327211e-01
   5.2327270e-01
   5.2327278e-01
   5.2327273e-01
   5.2327278e-01
   5.2327183e-01
   4.1085505e-02
   1.3827985e-01
   5.2327279e-01
   5.2220052e-01
   5.2327279e-01
   4.1082108e-02
   5.2327279e-01
   5.2327279e-01
   5.2327179e-01
   5.2327058e-01
   5.2327179e-01
   5.2327179e-01
   5.2327179e-01
   5.2327178e-01
   4.3011829e-02
   5.2326408e-01
   5.2310293e-01
   5.2327179e-01
   5.2327178e-01
   5.2310729e-01
   5.2327117e-01
   5.2327178e-01
   7.6068402e-02
   1.1461410e-01
   5.0184406e-01
   5.1091579e-01
   5.2161614e-01
   5.2327159e-01
   4.5644148e-01
   5.2327178e-01
   5.2327179e-01
   5.2234476e-01
   5.2326606e-01
   1.5408338e-01
   3.4180270e-01
   5.2325498e-01
   5.2327179e-01
   5.2327178e-01
   5.2327179e-01
   5.2327179e-01
   5.2327171e-01
   5.2255791e-01
   5.2311498e-01
   4.3380886e-02
   7.3682460e-02
   5.2325545e-01
   5.2325238e-01
   5.2327014e-01
   5.2327179e-01
   5.2327179e-01
   3.8212487e-01
   5.2326069e-01
   5.2325853e-01
   5.2279219e-01
   1.5050460e-01
   5.2324340e-01
   5.2325614e-01
   5.2327432e-01
   5.2325006e-01
   4.2552790e-02
   7.1349736e-02
   5.1751082e-01
   3.8624338e-01
   5.2327432e-01
   5.0695893e-01
   5.2327432e-01
   5.2321253e-01
   5.2276593e-01
   5.2007818e-01
   3.8659612e-01
   5.2327432e-01
   5.2327432e-01
   5.2327290e-01
   5.2327294e-01
   2.3226294e-01
   5.2327432e-01
   5.1588935e-01
   5.2327432e-01
   5.2325217e-01
   5.2327432e-01
   4.3799375e-01
   5.2327432e-01
   3.4142676e-01
   3.7723710e-01
   4.8552228e-01
   5.2215276e-01
   2.5262597e-01
   5.2327432e-01
   5.2327432e-01
   5.2306870e-01
   2.7212407e-01
   5.2327428e-01
   5.2327432e-01
   1.6921237e-01
   5.2327431e-01
   5.2319193e-01
   5.2327430e-01
   2.8425068e-01
   5.2327432e-01
   5.2306907e-01
   5.2328705e-01
   5.2323267e-01
   5.2328712e-01
   5.2328714e-01
   3.8712123e-01
   5.1785055e-01
   5.2323130e-01
   5.2327824e-01
   5.2328714e-01
   5.2328064e-01
   4.3771169e-01
   5.2307668e-01
   5.2328714e-01
   3.9148735e-01
   5.2328714e-01
   5.1918400e-01
   8.7502111e-02
   5.1775547e-01
   5.2328713e-01
   5.2328714e-01
   4.8926418e-01
   5.2273433e-01
   5.0009160e-01
   4.2139495e-02
   5.2328714e-01
   5.2328713e-01
   5.2328713e-01
   5.2328697e-01
   5.2327582e-01
   5.2328714e-01
   5.1617516e-01
   5.2328625e-01
   2.1301914e-01
   4.2266717e-02
   2.5726615e-01
   5.2328713e-01
   5.2322435e-01
   5.2326959e-01
   5.2328714e-01
   5.2304184e-01
   5.2328714e-01
   5.2328714e-01
   4.1297996e-02
   5.2330046e-01
   5.2329884e-01
   5.2330046e-01
   5.2328365e-01
   5.2330046e-01
   5.2330043e-01
   5.2294889e-01
   5.2329830e-01
   2.4582797e-01
   5.1983598e-01
   5.2330046e-01
   5.2317627e-01
   5.2330046e-01
   5.2330046e-01
   5.2330000e-01
   4.9649872e-02
   5.2330046e-01
   5.2329330e-01
   5.2330046e-01
   5.2319535e-01
   5.1642002e-01
   5.2330038e-01
   5.2330044e-01
   5.2330046e-01
   5.2330036e-01
   5.2326390e-01
   5.2038176e-01
   2.8872942e-01
   5.2330023e-01
   5.2327673e-01
   5.2283664e-01
   5.1435549e-01
   5.2303851e-01
   7.8733887e-02
   2.9622214e-01
   5.2330046e-01
   6.9578896e-02
   4.1086314e-02
   5.2307618e-01
   5.2330046e-01
   5.2301136e-01
   5.2326122e-01
   5.0789681e-01
   5.2331089e-01
   3.8593088e-01
   5.2325005e-01
   4.1087804e-02
   5.2204968e-01
   5.0050690e-01
   5.2331071e-01
   3.6450314e-01
   5.2050159e-01
   5.2331089e-01
   5.2329616e-01
   5.2331089e-01
   5.2331089e-01
   5.2331089e-01
   5.1960380e-01
   5.2331089e-01
   5.2326275e-01
   3.4389775e-01
   5.2331089e-01
   5.2331058e-01
   5.2331089e-01
   4.4344006e-01
   5.2326959e-01
   5.2313344e-01
   4.1309572e-02
   5.2312171e-01
   5.2323380e-01
   5.2329680e-01
   5.2331089e-01
   3.9660525e-01
   5.0706902e-01
   5.2331089e-01
   5.2331089e-01
   5.2331089e-01
   5.0442244e-01
   5.2326178e-01
   4.9040594e-01
   5.2153763e-01
   5.1039123e-01
   5.2331089e-01
   5.2331089e-01
   2.3913623e-01
   5.2331089e-01
   5.2329976e-01
   5.2332188e-01
   5.2332134e-01
   5.2332189e-01
   5.1295554e-01
   5.2203160e-01
   5.2287462e-01
   5.2325935e-01
   5.2332189e-01
   5.2321625e-01
   5.2332149e-01
   3.6162311e-01
   5.2320542e-01
   5.2332188e-01
   5.1526461e-01
   5.2332051e-01
   5.2155854e-01
   5.2332189e-01
   5.1985472e-01
   5.1368263e-01
   5.1875387e-01
   5.2326802e-01
   5.2297991e-01
   5.2262315e-01
   5.2326837e-01
   5.2332189e-01
   5.2332188e-01
   5.2332187e-01
   5.2332187e-01
   5.2332188e-01
   5.0976536e-01
   5.2332189e-01
   5.2332189e-01
   5.2332189e-01
   5.2323981e-01
   9.2026879e-02
   5.2332189e-01
   4.1089308e-02
   5.2332188e-01
   4.7034798e-01
   5.2332188e-01
   5.2332189e-01
   5.2332379e-01
   4.5068728e-01
   5.2332379e-01
   5.2321540e-01
   3.7672485e-01
   5.2314130e-01
   5.2332372e-01
   5.2322666e-01
   5.2330316e-01
   2.1693705e-01
   5.2302618e-01
   5.2332379e-01
   4.4009782e-01
   5.2332379e-01
   4.4138347e-01
   5.2331794e-01
   4.8399817e-01
   3.0609531e-01
   4.1858035e-01
   5.2332285e-01
   5.2332378e-01
   4.5823553e-01
   5.2084098e-01
   5.2302225e-01
   4.8701549e-01
   5.2192757e-01
   4.8144864e-01
   5.2329831e-01
   5.2309254e-01
   5.2280461e-01
   5.2332159e-01
   4.1591317e-01
   5.2332263e-01
   5.2328421e-01
   5.2328465e-01
   5.2332379e-01
   5.2325035e-01
   5.2332375e-01
   5.2332288e-01
   4.1924906e-02
   4.4048444e-02
   1.9071109e-01
   5.2332852e-01
   5.2332775e-01
   4.2306622e-02
   5.1737492e-01
   5.1830934e-01
   2.4331592e-01
   5.2332852e-01
   4.1096665e-02
   5.2332852e-01
   4.1091584e-02
   5.2332581e-01
   5.2330920e-01
   5.2331866e-01
   5.2326980e-01
   5.2332726e-01
   5.2332814e-01
   5.2332852e-01
   5.2332851e-01
   3.5798231e-01
   9.6343351e-02
   5.2331405e-01
   4.8431243e-01
   4.2314484e-02
   5.1433029e-01
   4.0431158e-01
   5.2220041e-01
   5.2330386e-01
   5.2332852e-01
   5.2298436e-01
   5.2332852e-01
   5.2269961e-01
   5.2332453e-01
   4.6168202e-01
   5.2332830e-01
   5.2332852e-01
   5.2332852e-01
   5.2332681e-01
   5.2331623e-01
   5.2332849e-01
   5.2333142e-01
   5.2333634e-01
   4.9632909e-01
   1.9542576e-01
   4.1092280e-02
   6.1393270e-02
   5.1551013e-01
   5.2333603e-01
   5.2333639e-01
   5.2333638e-01
   5.2333639e-01
   5.2329058e-01
   5.2301662e-01
   5.2333639e-01
   5.2333637e-01
   5.2270321e-01
   4.1101478e-02
   5.2333635e-01
   5.2333638e-01
   5.2333636e-01
   5.2333639e-01
   5.2333074e-01
   5.2215030e-01
   5.2333639e-01
   5.2333639e-01
   5.2333545e-01
   5.2333639e-01
   5.2333639e-01
   5.2333639e-01
   3.9330671e-01
   4.8048971e-01
   2.6299839e-01
   5.2332673e-01
   5.2330367e-01
   4.1105688e-02
   5.0943706e-01
   5.2333630e-01
   5.2333639e-01
   5.2333638e-01
   5.2059368e-01
   5.1262779e-01
   5.0841715e-01
   4.7317016e-02
   1.7562797e-01
   5.2334501e-01
   5.2334502e-01
   5.2332083e-01
   5.2334482e-01
   5.2334502e-01
   5.2334482e-01
   5.2334500e-01
   5.2334497e-01
   5.2334491e-01
   5.1361471e-01
   4.6793501e-01
   5.2309774e-01
   4.1897585e-01
   5.1601796e-01
   5.2334490e-01
   4.9725074e-01
   4.9195848e-01
   5.2334502e-01
   5.2334496e-01
   5.2334502e-01
   5.1189043e-01
   4.1454764e-01
   5.2334502e-01
   4.1830692e-02
   5.2334410e-01
   2.6210983e-01
   5.2321297e-01
   4.9419278e-01
   5.2334500e-01
   2.7842017e-01
   5.2334459e-01
   5.2334493e-01
   5.2334475e-01
   5.2334502e-01
   6.9587449e-02
   4.1091827e-02
   5.2334875e-01
   5.0555035e-01
   5.2335413e-01
   5.1855078e-01
   5.2320053e-01
   5.2335413e-01
   5.1499409e-01
   2.9913037e-01
   5.2330173e-01
   4.1339710e-01
   3.0057436e-01
   2.6111514e-01
   5.2335408e-01
   5.2335413e-01
   5.2335397e-01
   5.2335413e-01
   5.2335406e-01
   2.7908746e-01
   5.0623206e-01
   5.2335409e-01
   5.2128722e-01
   5.2335412e-01
   5.2335413e-01
   5.2295410e-01
   5.2335246e-01
   5.0763109e-01
   5.2334081e-01
   5.2335404e-01
   5.1805968e-01
   2.5842482e-01
   5.2335181e-01
   5.0890599e-01
   5.0923632e-01
   5.2335411e-01
   5.2335413e-01
   7.4860162e-02
   5.2336750e-01
   5.2264063e-01
   5.2336757e-01
   5.1978749e-01
   3.5005128e-01
   5.2336757e-01
   5.2336755e-01
   5.2336747e-01
   5.2191506e-01
   5.2336757e-01
   5.2336757e-01
   4.3859045e-01
   5.2171128e-01
   5.2162540e-01
   5.1746906e-01
   5.2318314e-01
   5.2336757e-01
   5.2336757e-01
   4.4182843e-01
   4.1054154e-01
   5.0529959e-01
   5.2093438e-01
   2.4214772e-01
   5.1277812e-01
   2.1633864e-02
   5.2175037e-01
   5.0086539e-01
   5.2327144e-01
   5.2310109e-01
   5.2336725e-01
   5.0374375e-01
   5.2336744e-01
   5.2336757e-01
   3.2308918e-01
   5.2335724e-01
   5.1922878e-01
   5.2331726e-01
   5.2338052e-01
   5.2332703e-01
   5.2334566e-01
   3.7076646e-01
   4.1102081e-02
   5.1791358e-01
   4.9973994e-01
   5.2338065e-01
   5.2338037e-01
   5.2338065e-01
   4.9928274e-01
   4.1110655e-02
   5.2282684e-01
   5.2337998e-01
   5.2338049e-01
   5.2337855e-01
   5.2338060e-01
   5.2338065e-01
   5.2338065e-01
   5.2338065e-01
   5.2337703e-01
   4.1307249e-02
   5.2333762e-01
   4.2097952e-02
   5.2319509e-01
   5.2338065e-01
   5.2338064e-01
   5.2338055e-01
   5.2337727e-01
   5.2337261e-01
   5.2336227e-01
   3.0538175e-01
   3.3597282e-01
   5.2048064e-01
   5.2306710e-01
   5.2337824e-01
   5.2339559e-01
   5.2338966e-01
   4.3504817e-01
   5.2336131e-01
   5.2314033e-01
   5.2339601e-01
   5.2339601e-01
   5.2339407e-01
   5.2339600e-01
   5.2175926e-01
   5.2339584e-01
   5.2322612e-01
   5.0632918e-02
   3.9558994e-01
   5.2339593e-01
   5.2339383e-01
   5.2334032e-01
   2.0541774e-01
   5.2339601e-01
   3.2278281e-01
   9.0680643e-02
   5.1895302e-01
   5.2328149e-01
   4.1138254e-02
   5.2339597e-01
   2.1432762e-02
   1.0704231e-01
   5.2338036e-01
   5.2339601e-01
   7.1561953e-02
   5.2325504e-01
   5.1580093e-01
   5.1255811e-01
   4.1899025e-01
   5.2327376e-01
   5.2325504e-01
   5.2341408e-01
   4.4670468e-01
   5.2341408e-01
   5.2328973e-01
   5.2341408e-01
   3.6184184e-01
   5.2312987e-01
   4.8528954e-01
   5.2340699e-01
   4.3621045e-01
   5.2158683e-01
   5.2341408e-01
   5.2341408e-01
   5.2341408e-01
   5.2341408e-01
   5.2340588e-01
   5.2341407e-01
   4.9083719e-01
   5.0607482e-01
   5.1918244e-01
   5.2324212e-01
   4.1101497e-02
   5.2341408e-01
   5.2220276e-01
   5.2269023e-01
   5.1903143e-01
   5.2341403e-01
   5.2324448e-01
   5.2329696e-01
   5.2341386e-01
   5.2337791e-01
   5.2341408e-01
   5.2340578e-01
   4.5471421e-01
   5.2341408e-01
   1.1795460e-01
   1.7923999e-01
   4.7487737e-01
   5.2342575e-01
   5.2230224e-01
   4.2308872e-01
   2.9697397e-01
   5.2342564e-01
   5.2342577e-01
   5.2217044e-01
   5.2342558e-01
   5.2324320e-01
   5.2342563e-01
   5.2342571e-01
   4.3705061e-01
   4.1103728e-02
   7.0399937e-02
   5.2342539e-01
   5.2342577e-01
   4.1437524e-01
   5.2339376e-01
   5.2207265e-01
   4.1023373e-01
   5.2341160e-01
   3.9812986e-01
   5.1713180e-01
   5.0744704e-02
   5.2334263e-01
   3.1936234e-01
   5.0818483e-01
   5.1903274e-01
   2.3427493e-01
   5.2342577e-01
   5.2342574e-01
   5.2344545e-01
   4.4013403e-01
   5.0647904e-01
   5.2344783e-01
   5.2344385e-01
   4.6390532e-01
   5.2344913e-01
   5.2111416e-01
   2.3977430e-01
   4.7528664e-01
   1.4303654e-01
   5.2344865e-01
   5.1784327e-01
   4.8641523e-01
   5.2344914e-01
   5.2344912e-01
   3.6744824e-01
   5.2256757e-01
   5.2344731e-01
   5.2344914e-01
   5.2344914e-01
   5.1543176e-01
   2.1860140e-01
   4.6702457e-01
   5.2344775e-01
   5.2344909e-01
   5.2344911e-01
   5.2343403e-01
   5.1929873e-01
   5.0761021e-01
   3.6252639e-01
   5.2344914e-01
   5.1857546e-01
   5.2347367e-01
   1.1466707e-01
   5.2346388e-01
   5.2347312e-01
   2.9107815e-01
   5.2347404e-01
   5.0045896e-01
   5.2346819e-01
   1.6457301e-01
   5.2347432e-01
   5.2347432e-01
   5.2347431e-01
   5.2347432e-01
   5.2347431e-01
   5.2347432e-01
   5.2344080e-01
   4.8309865e-01
   5.7019488e-02
   5.2341273e-01
   5.0207475e-01
   5.2341777e-01
   5.2293589e-01
   5.2347432e-01
   5.2347393e-01
   4.2480386e-02
   1.5703603e-01
   5.2216112e-01
   5.2347424e-01
   2.5908861e-01
   5.1125175e-01
   5.2347431e-01
   5.2347432e-01
   5.2349844e-01
   5.2349844e-01
   5.2349832e-01
   5.2349798e-01
   5.2341053e-01
   5.2293744e-01
   5.1493084e-01
   4.5533027e-01
   5.2349844e-01
   5.2344718e-01
   5.2349844e-01
   5.2349843e-01
   5.2349844e-01
   2.3939194e-01
   5.2349843e-01
   3.9344497e-01
   5.2349844e-01
   5.1919529e-01
   2.6724464e-01
   3.7216346e-01
   5.2313570e-01
   5.2349844e-01
   3.6767054e-01
   5.2197761e-01
   4.1108447e-02
   5.2345635e-01
   5.2272897e-01
   5.2349844e-01
   3.1224773e-01
   5.2349844e-01
   5.2342293e-01
   5.2349498e-01
   5.2277898e-01
   4.1110259e-02
   5.2352132e-01
   4.0053683e-01
   2.4125771e-02
   5.2352241e-01
   5.2352248e-01
   5.2352248e-01
   5.2346674e-01
   5.2131376e-01
   4.2276686e-01
   5.2328519e-01
   5.2352051e-01
   5.2352238e-01
   5.1676313e-01
   4.2508863e-01
   5.2033825e-01
   5.2060635e-01
   5.2352047e-01
   5.2348941e-01
   4.1475709e-02
   5.2352248e-01
   3.7623681e-01
   5.2327100e-01
   5.2352248e-01
   5.2348883e-01
   5.2344676e-01
   5.1430092e-01
   3.1943448e-01
   5.2161973e-01
   5.2230947e-01
   5.2354797e-01
   4.1010882e-01
   5.2354797e-01
   5.2353957e-01
   5.2354782e-01
   5.2354797e-01
   5.1634133e-01
   5.2354797e-01
   5.2347772e-01
   5.2354724e-01
   5.2354541e-01
   5.2149697e-01
   4.6280868e-01
   2.0445615e-01
   3.9057649e-01
   5.2354744e-01
   7.2330286e-02
   5.2354626e-01
   5.2334764e-01
   5.7338063e-02
   4.1203694e-01
   5.2354766e-01
   5.2354795e-01
   5.2354797e-01
   3.9892298e-01
   5.2182768e-01
   5.2354797e-01
   2.7341875e-01
   5.2250314e-01
   5.2354797e-01
   4.1539515e-01
   5.2357342e-01
   5.2356584e-01
   5.2341752e-01
   5.6301801e-02
   4.1113782e-02
   1.7031740e-01
   5.2357342e-01
   4.7193200e-01
   2.6173328e-02
   5.2357342e-01
   4.1127800e-02
   5.2357225e-01
   2.6044898e-01
   5.2357330e-01
   5.2357341e-01
   5.2357340e-01
   5.0331079e-01
   5.1948975e-01
   4.4592337e-02
   5.2357137e-01
   5.2357341e-01
   5.2355916e-01
   5.2357187e-01
   5.2357110e-01
   5.2357340e-01
   5.2357259e-01
   5.1880198e-01
   5.2356786e-01
   2.6320218e-01
   5.2359639e-01
   5.1422584e-01
   5.2169106e-01
   4.6597344e-01
   5.2325895e-01
   5.2360173e-01
   5.2360247e-01
   5.2360211e-01
   5.1400506e-01
   5.2360268e-01
   5.2357006e-01
   5.2355873e-01
   8.5660815e-02
   5.2360156e-01
   5.0628491e-01
   3.3366770e-02
   5.2360269e-01
   5.2303314e-01
   5.2359052e-01
   5.2360268e-01
   5.1813820e-01
   1.1452563e-01
   5.2359779e-01
   5.2360115e-01
   5.2360266e-01
   5.2360259e-01
   4.9909861e-01
   5.2358603e-01
   5.2362608e-01
   5.2362727e-01
   5.2362772e-01
   5.2362780e-01
   5.2362724e-01
   4.9906125e-01
   5.2307515e-01
   5.2361898e-01
   4.7598356e-01
   5.2361044e-01
   5.2127932e-01
   5.2362574e-01
   5.2356171e-01
   5.2362780e-01
   5.2340427e-01
   5.2362776e-01
   5.2362779e-01
   5.2267304e-01
   5.2362780e-01
   5.2352025e-01
   5.2362715e-01
   5.2362076e-01
   5.2213959e-01
   5.2362780e-01
   5.2341130e-01
   4.7829380e-01
   3.8129975e-01
   5.2358030e-01
   5.2274986e-01
   5.2363827e-01
   5.2363535e-01
   5.2363795e-01
   5.2363832e-01
   5.2363807e-01
   5.2360370e-01
   5.2308475e-01
   5.2302257e-01
   4.1150492e-02
   4.7179030e-01
   5.2363827e-01
   5.2363118e-01
   5.2330430e-01
   5.2363320e-01
   5.2363521e-01
   5.1275782e-01
   5.2138981e-01
   5.1054969e-01
   5.2363371e-01
   5.2363832e-01
   5.2363828e-01
   5.1890593e-01
   4.7658576e-01
   5.2296989e-01
   5.2363832e-01
   5.2363820e-01
   5.2363561e-01
   5.2363542e-01
   5.2362894e-01
   4.1118656e-02
   3.7155917e-01
   5.2363173e-01
   4.1118651e-02
   5.2362707e-01
   5.2359186e-01
   5.2141181e-01
   5.1991540e-01
   5.2363562e-01
   5.2362165e-01
   3.4408431e-01
   5.2360711e-01
   4.7433479e-01
   5.1817458e-01
   5.2363493e-01
   4.7799698e-01
   5.2363301e-01
   5.2363560e-01
   5.2363553e-01
   4.9232712e-01
   2.0538568e-01
   5.2363559e-01
   5.2362558e-01
   5.2363332e-01
   3.9367834e-02
   4.6068488e-01
   5.2363332e-01
   5.2363318e-01
   5.2308014e-01
   4.9290514e-01
   5.1033158e-01
   5.1595729e-01
   3.6687810e-01
   4.8779983e-01
   2.0964550e-01
   5.1971662e-01
   1.4948860e-01
   5.2313618e-01
   5.2363294e-01
   5.2351715e-01
   4.5930925e-01
   5.2053879e-01
   5.2218069e-01
   5.2363332e-01
   3.6713496e-01
   4.1135878e-02
   5.2363236e-01
   5.2362642e-01
   5.2362865e-01
   3.6796067e-02
   4.8346536e-01
   8.1589347e-02
   5.2362857e-01
   8.0341524e-02
   5.2362867e-01
   3.3578471e-01
   5.0862713e-01
   5.2306633e-01
   5.2232236e-01
   4.1117634e-02
   5.2362867e-01
   2.6385399e-01
   5.2362701e-01
   5.2328264e-01
   5.2325861e-01
   5.2362863e-01
   4.1117809e-02
   5.2362867e-01
   4.6913825e-01
   5.1517958e-01
   5.2362867e-01
   5.2362865e-01
   1.3106841e-01
   5.2363639e-01
   5.2363641e-01
   5.1308494e-01
   5.2363641e-01
   5.2348862e-01
   5.2056679e-01
   5.2363641e-01
   5.2363565e-01
   5.0982681e-01
   5.2363638e-01
   5.2363639e-01
   5.2363641e-01
   4.7201065e-01
   5.2363628e-01
   5.2363640e-01
   5.2355334e-01
   4.9663727e-01
   5.2363639e-01
   4.5162633e-01
   4.5811623e-01
   3.8405021e-01
   5.2004358e-01
   5.2363641e-01
   5.2363641e-01
   5.2363140e-01
   5.2363217e-01
   5.2363184e-01
   5.2361262e-01
   5.2320337e-01
   5.2362999e-01
   5.2009189e-01
   5.0181957e-01
   5.0535511e-01
   5.2363217e-01
   4.8599958e-01
   5.2363188e-01
   4.1117634e-02
   1.8471593e-01
   5.2363217e-01
   5.2361975e-01
   5.2363163e-01
   4.7298783e-01
   4.1117634e-02
   1.4857637e-01
   5.2345421e-01
   2.2718955e-01
   4.8696548e-01
   5.2352408e-01
   5.2363656e-01
   2.6962555e-01
   5.2363653e-01
   5.2363633e-01
   5.2260884e-01
   5.2363621e-01
   5.2363656e-01
   5.2363655e-01
   5.2342850e-01
   5.1404082e-01
   5.2363656e-01
   3.7625418e-01
   5.2363183e-01
   4.9965632e-01
   5.1111859e-01
   5.2363637e-01
   4.1117613e-02
   4.1237290e-02
   8.4692269e-02
   5.1804016e-01
   5.2363656e-01
   5.2328646e-01
   5.2363657e-01
   5.2360901e-01
   5.2363620e-01
   3.9926365e-02
   5.2363698e-01
   4.1116996e-02
   1.4892096e-01
   5.2360937e-01
   5.1677917e-01
   5.2363698e-01
   5.2359109e-01
   5.2363679e-01
   4.9700709e-01
   5.1904981e-01
   5.2362728e-01
   4.1274393e-02
   8.0581248e-02
   6.0265379e-02
   5.2363678e-01
   4.1116996e-02
   1.8728911e-01
   5.2364877e-01
   4.7294846e-01
   4.0765999e-01
   5.2298043e-01
   5.0631215e-01
   5.2327417e-01
   5.2364319e-01
   4.4626329e-01
   5.2364884e-01
   5.2364884e-01
   5.2364884e-01
   6.7099540e-02
   5.2364883e-01
   1.3062000e-01
   5.2359866e-01
   5.0340037e-01
   5.2362062e-01
   2.2963279e-01
   5.2364830e-01
   5.2364869e-01
   3.7618612e-01
   5.2265726e-01
   5.2365509e-01
   4.1413020e-02
   5.2365493e-01
   5.2358358e-01
   5.1818761e-01
   3.8726809e-01
   4.1124426e-02
   5.1979790e-01
   5.2365508e-01
   4.4928487e-02
   2.1398400e-01
   5.2276456e-01
   4.1293540e-02
   5.2365507e-01
   1.3772784e-01
   5.2349524e-01
   3.4627594e-01
   5.2365508e-01
   5.2367947e-01
   5.2367892e-01
   5.2367547e-01
   5.2367501e-01
   5.2353879e-01
   4.1664548e-01
   5.2365782e-01
   5.2366616e-01
   5.2367947e-01
   5.2076041e-01
   3.5121437e-01
   5.2367947e-01
   5.2367935e-01
   5.0069187e-01
   5.2366022e-01
   4.3567311e-01
   5.0761258e-01
   5.2367946e-01
   4.6012256e-01
   5.2142613e-01
   5.2369492e-01
   3.6490460e-01
   5.2367264e-01
   3.9829921e-01
   5.2342493e-01
   5.2368056e-01
   5.2369487e-01
   3.0817075e-01
   5.2232745e-01
   5.2329793e-01
   5.2369492e-01
   5.2368206e-01
   5.0778231e-01
   5.2259548e-01
   4.1133043e-02
   5.2367684e-01
   5.2043826e-01
   4.1431040e-02
   5.0466245e-01
   5.1907129e-01
   4.6632577e-01
   5.2370568e-01
   5.2362476e-01
   4.1144548e-02
   5.2369443e-01
   5.2370388e-01
   5.2217483e-01
   5.2370407e-01
   4.7245710e-01
   5.2362554e-01
   5.0043410e-01
   4.2926016e-01
   5.2370518e-01
   5.2211107e-01
   5.0656637e-01
   5.2300937e-01
   5.2371814e-01
   5.2358616e-01
   4.7294576e-01
   5.2371831e-01
   5.2371829e-01
   5.2371831e-01
   5.2346810e-01
   5.2371831e-01
   5.2363533e-01
   5.2357493e-01
   5.2205707e-01
   5.1539172e-01
   5.2360127e-01
   5.2349156e-01
   5.2371831e-01
   5.2371501e-01
   5.2370805e-01
   5.1979767e-01
   3.7915339e-01
   5.2370805e-01
   5.2370805e-01
   5.1637221e-01
   5.2368453e-01
   5.2370760e-01
   4.1123831e-02
   7.1820646e-02
   5.2364625e-01
   5.2370775e-01
   5.2370763e-01
   5.2370805e-01
   4.1123116e-02
   5.2036256e-01
   5.2356777e-01
   4.6827191e-01
   2.3885936e-01
   3.4729394e-01
   4.7971978e-01
   5.2369590e-01
   5.2369561e-01
   5.2369598e-01
   3.7764824e-01
   5.2369598e-01
   5.2369596e-01
   3.3412099e-01
   5.2369326e-01
   2.1807796e-01
   5.2369529e-01
   5.2369195e-01
   5.2045262e-01
   5.2277679e-01
   4.1121887e-02
   5.2369194e-01
   5.2369194e-01
   5.2260112e-01
   5.2369196e-01
   5.2369114e-01
   5.2367939e-01
   3.5465438e-01
   5.2320986e-01
   5.2363030e-01
   5.2369183e-01
   5.2314657e-01
   5.2010146e-01
   1.0385252e-01
   5.2367726e-01
   5.2218544e-01
   5.2367728e-01
   5.2367668e-01
   5.0847604e-01
   4.1141995e-02
   5.2342976e-01
   5.2367711e-01
   5.2367722e-01
   5.2367727e-01
   5.0795164e-01
   2.6042929e-01
   5.2019257e-01
   5.2365752e-01
   5.2365740e-01
   5.2180525e-01
   5.2338448e-01
   5.2363548e-01
   5.2315815e-01
   5.5986128e-02
   5.2365685e-01
   5.2364592e-01
   5.2033531e-01
   5.2365224e-01
   4.1114167e-02
   5.2362928e-01
   4.1152297e-02
   5.2276102e-01
   5.2345893e-01
   5.2360808e-01
   2.6424966e-01
   5.2360939e-01
   5.2362930e-01
   5.2362692e-01
   5.2315712e-01
   4.3413671e-01
   4.1111444e-02
   9.3968779e-02
   4.3557336e-01
   5.2360018e-01
   4.6153319e-01
   5.2360495e-01
   5.2360413e-01
   5.2360395e-01
   5.1979992e-01
   5.2358161e-01
   4.1245938e-02
   4.1109486e-02
   5.1114666e-01
   5.2353243e-01
   4.1110556e-02
   5.2358691e-01
   5.2358702e-01
   5.2358470e-01
   5.2185480e-01
   5.2358595e-01
   5.2348569e-01
   1.5322575e-01
   5.2291111e-01
   1.0069873e-01
   5.2137859e-01
   5.2357269e-01
   5.2344534e-01
   4.8654510e-01
   5.2357425e-01
   4.1108279e-02
   5.2337505e-01
   5.2322815e-01
   5.2353333e-01
   4.0049416e-01
   5.2213777e-01
   5.2174015e-01
   5.2290253e-01
   5.2351033e-01
   5.2346249e-01
   5.2355525e-01
   5.2355535e-01
   5.1010500e-01
   4.1207575e-02
   5.2214205e-01
   5.2334254e-01
   5.2306739e-01
   4.1105518e-02
   4.1118237e-02
   5.2351393e-01
   5.2259035e-01
   3.5940038e-01
   3.5748069e-01
   2.1477102e-01
   5.1315064e-01
   2.5638905e-01
   3.4428490e-01
   5.2348916e-01
   5.2333764e-01
   1.4708274e-01
   4.5251773e-01
   5.1974111e-01
   5.2348138e-01
   5.2348916e-01
   3.4022957e-01
   5.1817565e-01
   5.2344998e-01
   5.2302212e-01
   5.2348155e-01
   5.1522900e-01
   5.2347322e-01
   1.8549137e-01
   5.2346632e-01
   4.7834491e-01
   5.0339910e-01
   7.9173890e-02
   5.2345521e-01
   5.1773011e-01
   4.5164894e-01
   4.9002984e-01
   4.4105334e-02
   5.2343021e-01
   5.2322563e-01
   4.0988365e-01
   5.2298848e-01
   4.1093730e-02
   2.9441881e-01
   5.2336910e-01
   5.2341430e-01
