80 
8.0221e-05
8.0286e-05
8.0418e-05
8.0619e-05
8.0892e-05
8.1241e-05
8.1669e-05
8.218e-05
8.278e-05
8.3375e-05
8.3973e-05
8.4581e-05
8.5157e-05
8.5628e-05
8.6109e-05
8.6603e-05
8.7085e-05
8.7567e-05
8.8066e-05
8.8555e-05
8.9024e-05
8.9447e-05
8.986e-05
9.0278e-05
9.0693e-05
9.1112e-05
9.1485e-05
9.1881e-05
9.23e-05
9.2617e-05
9.2931e-05
9.3264e-05
9.3611e-05
9.3992e-05
9.438e-05
9.4618e-05
9.4885e-05
9.5158e-05
9.547e-05
9.5754e-05
9.6066e-05
9.6311e-05
9.6579e-05
9.6788e-05
9.6993e-05
9.724e-05
9.7526e-05
9.784e-05
9.8013e-05
9.8175e-05
9.8379e-05
9.8599e-05
9.8801e-05
9.8949e-05
9.9105e-05
9.9235e-05
9.9405e-05
9.9609e-05
9.9838e-05
9.993e-05
0.00010001
0.00010014
0.00010031
0.00010049
0.00010072
0.00010094
0.00010109
0.00010122
0.00010129
0.00010138
0.00010141
0.00010146
0.00010154
0.00010166
0.00010181
0.00010189
0.00010193
0.0001019
0.00010188
0.00010188
