80 
0.52373
0.52372
0.52371
0.52369
0.52367
0.52364
0.5236
0.52356
0.52351
0.52346
0.52342
0.52338
0.52335
0.52333
0.5233
0.52327
0.52324
0.52323
0.5232
0.52319
0.52318
0.52318
0.52319
0.5232
0.52322
0.52323
0.52325
0.52326
0.52326
0.52328
0.52329
0.52331
0.52333
0.52334
0.52335
0.52338
0.52339
0.52342
0.52343
0.52346
0.52348
0.52349
0.52351
0.52354
0.52356
0.52357
0.52356
0.52355
0.52354
0.52354
0.52353
0.52352
0.52351
0.52352
0.52353
0.52357
0.52359
0.5236
0.5236
0.52359
0.52358
0.52356
0.52354
0.52351
0.52347
0.52343
0.5234
0.52338
0.52337
0.52333
0.52331
0.52331
0.5233
0.52327
0.52324
0.52321
0.52319
0.5232
0.52322
0.52323
