80 
0.96975
0.96976
0.9698
0.96985
0.96992
0.97001
0.97012
0.97025
0.9704
0.97055
0.97069
0.97082
0.97096
0.97109
0.97121
0.97133
0.97145
0.97156
0.97167
0.97178
0.97189
0.97199
0.97209
0.97218
0.97228
0.97237
0.97246
0.97254
0.97263
0.97271
0.97279
0.97287
0.97294
0.97301
0.97308
0.97315
0.97322
0.97328
0.97334
0.9734
0.97346
0.97351
0.97357
0.97362
0.97366
0.97371
0.97376
0.9738
0.97384
0.97388
0.97393
0.97396
0.974
0.97403
0.97407
0.97409
0.97412
0.97415
0.97417
0.9742
0.97422
0.97424
0.97427
0.97429
0.97432
0.97434
0.97436
0.97438
0.9744
0.97441
0.97442
0.97444
0.97445
0.97446
0.97447
0.97447
0.97448
0.97448
0.97447
0.97447
