80 
0.074726
0.074784
0.074902
0.075082
0.075325
0.075635
0.076015
0.076467
0.076996
0.077506
0.078008
0.0785
0.078962
0.079422
0.079879
0.080337
0.080775
0.081193
0.081625
0.082032
0.082415
0.082783
0.083135
0.083474
0.083799
0.084111
0.084423
0.084742
0.085059
0.085356
0.085641
0.085922
0.086193
0.086473
0.086744
0.086985
0.087242
0.087476
0.08772
0.087947
0.08818
0.088408
0.088632
0.088823
0.089011
0.089227
0.089463
0.089701
0.089926
0.090116
0.090334
0.090546
0.090746
0.090896
0.091033
0.091124
0.091238
0.091361
0.091483
0.091637
0.091773
0.091919
0.092079
0.092244
0.092422
0.092588
0.092721
0.09283
0.092922
0.093048
0.09312
0.093176
0.093244
0.093341
0.093443
0.093521
0.093562
0.09355
0.093529
0.093521
